Date,BTCUSDT,ETHUSDT,XRPUSDT,DOGEUSDT,LTCUSDT,ADAUSDT
2020-07-03,9058.26,224.87,0.1762,0.0023139,41.14,0.09655
2020-07-04,9135.46,229.17,0.17808,0.0023012,42.11,0.10005
2020-07-05,9069.41,227.56,0.17695,0.0023029,41.58,0.09813
2020-07-06,9344.2,241.6,0.18875,0.0026193,44.06,0.10512
2020-07-07,9257.39,239.39,0.18508,0.003136,43.39,0.11764
2020-07-08,9436.06,246.95,0.20551,0.0047657,45.35,0.12993
2020-07-09,9232.43,241.98,0.20263,0.0043214,44.33,0.12403
2020-07-10,9288.34,241.26,0.19909,0.0035313,44.3,0.11846
2020-07-11,9234.03,239.19,0.2011,0.0038041,44.69,0.12523
2020-07-12,9302.75,242.79,0.20128,0.0036358,44.7,0.12685
2020-07-13,9242.62,239.5,0.19867,0.0031677,43.92,0.12427
2020-07-14,9255.85,240.44,0.19909,0.0032888,43.88,0.13256
2020-07-15,9197.6,238.61,0.19721,0.0030868,43.33,0.13069
2020-07-16,9133.72,233.57,0.19444,0.0029808,42.09,0.12602
2020-07-17,9154.32,232.67,0.1944,0.0030528,41.9,0.12224
2020-07-18,9170.28,235.67,0.1999,0.003449,42.45,0.1227
2020-07-19,9208.99,239.11,0.19956,0.0033811,42.64,0.12402
2020-07-20,9160.78,236.01,0.19465,0.0032201,41.94,0.11771
2020-07-21,9390.0,245.59,0.19949,0.0032979,43.77,0.12321
2020-07-22,9518.16,263.74,0.20348,0.0032868,44.96,0.1238
2020-07-23,9603.27,275.3,0.20851,0.0032997,44.94,0.12422
2020-07-24,9537.8,279.15,0.20392,0.0032113,44.11,0.12197
2020-07-25,9700.42,305.26,0.21463,0.0032475,49.16,0.14362
2020-07-26,9931.54,311.0,0.21532,0.0032323,48.1,0.14849
2020-07-27,11029.96,321.93,0.22437,0.0031694,53.28,0.13859
2020-07-28,10906.27,316.77,0.23029,0.003188,55.75,0.14904
2020-07-29,11100.53,317.71,0.24327,0.0031663,55.16,0.13972
2020-07-30,11099.61,334.87,0.24408,0.0032281,56.75,0.1406
2020-07-31,11335.46,346.33,0.25939,0.003224,58.13,0.13878
2020-08-01,11801.17,387.0,0.29089,0.0037144,61.65,0.1441
2020-08-02,11071.35,372.42,0.28803,0.0033312,56.77,0.13375
2020-08-03,11219.81,385.94,0.31016,0.0033818,58.48,0.1373
2020-08-04,11191.97,389.61,0.30138,0.0035458,57.61,0.14335
2020-08-05,11744.91,400.72,0.30228,0.0035028,58.88,0.14227
2020-08-06,11762.46,394.77,0.30311,0.00356,59.03,0.14444
2020-08-07,11594.23,379.34,0.29437,0.003496,57.17,0.13888
2020-08-08,11761.41,397.03,0.29527,0.0035134,58.46,0.14696
2020-08-09,11681.68,390.14,0.2879,0.0034664,56.96,0.14512
2020-08-10,11892.92,395.44,0.29469,0.0034952,58.27,0.14383
2020-08-11,11392.08,379.0,0.2831,0.0033906,54.1,0.13685
2020-08-12,11564.33,387.18,0.28233,0.0034606,54.52,0.1367
2020-08-13,11780.0,424.54,0.2942,0.0034877,57.14,0.13944
2020-08-14,11760.54,438.11,0.29995,0.0035731,56.78,0.13826
2020-08-15,11852.4,432.32,0.29884,0.0035328,59.85,0.13837
2020-08-16,11911.0,433.62,0.30455,0.0035302,63.87,0.13882
2020-08-17,12281.13,430.89,0.31539,0.0035877,67.22,0.14039
2020-08-18,11945.01,421.95,0.30251,0.003476,65.4,0.13691
2020-08-19,11754.59,407.46,0.28975,0.0034196,62.12,0.12966
2020-08-20,11853.55,415.94,0.29218,0.0034399,62.8,0.13413
2020-08-21,11531.34,387.97,0.27933,0.0033776,59.2,0.12315
2020-08-22,11662.96,395.24,0.28592,0.0034331,60.21,0.12515
2020-08-23,11648.13,390.71,0.2848,0.0033955,60.55,0.12141
2020-08-24,11748.2,407.68,0.2884,0.0034116,62.02,0.12361
2020-08-25,11318.42,382.93,0.27625,0.0032907,58.34,0.11239
2020-08-26,11461.43,385.81,0.27653,0.0032939,58.1,0.11435
2020-08-27,11330.38,383.27,0.26469,0.0031997,56.1,0.10725
2020-08-28,11526.91,395.11,0.27174,0.0032637,57.38,0.10927
2020-08-29,11465.84,398.65,0.2738,0.0032749,56.97,0.11623
2020-08-30,11711.16,428.94,0.28302,0.0032981,62.89,0.11747
2020-08-31,11649.51,433.79,0.28115,0.0032073,60.92,0.12253
2020-09-01,11921.97,475.4,0.29521,0.0032411,62.69,0.12445
2020-09-02,11388.54,439.5,0.27595,0.0031161,58.06,0.11489
2020-09-03,10140.85,381.4,0.24409,0.0027692,47.28,0.09446
2020-09-04,10446.25,385.26,0.25385,0.0028797,50.32,0.10156
2020-09-05,10166.69,335.01,0.23738,0.002764,47.83,0.09
2020-09-06,10256.2,352.8,0.23986,0.0027859,47.92,0.0926
2020-09-07,10373.44,353.59,0.24198,0.0028151,48.84,0.0936
2020-09-08,10126.65,337.39,0.23657,0.002747,47.47,0.09101
2020-09-09,10219.2,350.85,0.23901,0.002779,47.82,0.09331
2020-09-10,10336.87,367.93,0.24302,0.0028077,48.67,0.09709
2020-09-11,10387.89,373.63,0.24252,0.0027956,48.96,0.09701
2020-09-12,10440.92,387.78,0.24752,0.0028141,50.8,0.09771
2020-09-13,10332.83,366.42,0.24218,0.002783,48.15,0.09507
2020-09-14,10671.77,377.12,0.24564,0.0027851,49.08,0.09663
2020-09-15,10785.31,364.06,0.24331,0.0028278,48.31,0.09313
2020-09-16,10954.01,365.11,0.24686,0.0028053,47.76,0.09151
2020-09-17,10939.99,389.36,0.25214,0.0028078,48.85,0.09408
2020-09-18,10933.39,384.39,0.25065,0.0027892,48.54,0.09093
2020-09-19,11080.65,385.25,0.25112,0.0027901,48.52,0.09141
2020-09-20,10920.28,371.04,0.24652,0.0027729,47.09,0.08936
2020-09-21,10417.22,340.36,0.23102,0.0025972,43.16,0.07983
2020-09-22,10529.61,344.21,0.23302,0.0026432,44.47,0.08146
2020-09-23,10241.46,320.72,0.22164,0.0025444,42.96,0.07663
2020-09-24,10736.32,348.97,0.23276,0.0026297,44.92,0.08254
2020-09-25,10686.67,351.92,0.24154,0.0027015,46.02,0.09693
2020-09-26,10728.6,353.92,0.24153,0.0026972,46.03,0.09547
2020-09-27,10774.25,357.49,0.24334,0.0026954,46.05,0.1013
2020-09-28,10696.12,353.96,0.24107,0.0026504,45.23,0.1003
2020-09-29,10840.48,359.79,0.24285,0.0026727,45.69,0.1011
2020-09-30,10776.59,359.83,0.24171,0.002635,46.24,0.10136
2020-10-01,10619.13,352.85,0.23819,0.0026246,46.25,0.09804
2020-10-02,10570.4,345.6,0.23386,0.0025902,44.88,0.09286
2020-10-03,10542.06,345.95,0.23273,0.0025955,45.51,0.09328
2020-10-04,10666.63,352.37,0.24794,0.002633,46.69,0.09686
2020-10-05,10792.21,353.62,0.2503,0.0026182,46.34,0.09738
2020-10-06,10599.66,340.75,0.24545,0.002597,45.99,0.09289
2020-10-07,10666.39,341.58,0.2487,0.0025895,46.55,0.09374
2020-10-08,10925.57,350.95,0.25141,0.0026098,47.21,0.09632
2020-10-09,11050.64,365.02,0.25293,0.0026556,47.78,0.10129
2020-10-10,11293.22,370.52,0.25402,0.0026621,48.88,0.10493
2020-10-11,11369.02,374.16,0.25544,0.0026701,50.48,0.10648
2020-10-12,11528.25,386.51,0.25603,0.002667,50.58,0.10945
2020-10-13,11420.56,381.04,0.2565,0.0026385,49.89,0.10925
2020-10-14,11417.89,378.69,0.24906,0.002639,49.79,0.10703
2020-10-15,11505.12,377.64,0.24596,0.0025953,49.53,0.10666
2020-10-16,11319.32,365.5,0.24011,0.002604,47.6,0.10414
2020-10-17,11360.2,368.32,0.24057,0.0025834,46.93,0.10598
2020-10-18,11503.14,378.11,0.24221,0.0025874,47.54,0.10735
2020-10-19,11751.47,379.3,0.24558,0.0025921,47.99,0.10859
2020-10-20,11909.99,368.52,0.24322,0.0025944,46.88,0.10238
2020-10-21,12780.96,390.38,0.25088,0.002623,52.98,0.10589
2020-10-22,12968.52,413.98,0.25709,0.002646,54.35,0.11077
2020-10-23,12923.07,409.11,0.25471,0.0026423,55.42,0.10805
2020-10-24,13111.73,412.14,0.2562,0.0026365,59.23,0.10797
2020-10-25,13028.83,405.86,0.25313,0.0026528,58.84,0.10639
2020-10-26,13052.19,392.52,0.2481,0.002665,56.82,0.10306
2020-10-27,13636.17,403.45,0.25273,0.0026702,57.91,0.10256
2020-10-28,13266.4,388.23,0.2454,0.0025801,55.77,0.09869
2020-10-29,13455.7,387.13,0.24239,0.0025733,54.87,0.09531
2020-10-30,13560.1,382.49,0.23905,0.0025833,54.01,0.0933
2020-10-31,13791.0,386.46,0.23968,0.0025666,55.72,0.093
2020-11-01,13761.5,396.67,0.23999,0.0025745,55.6,0.09827
2020-11-02,13549.37,383.02,0.23523,0.0025162,53.8,0.09221
2020-11-03,14023.53,387.88,0.2396,0.0025141,53.96,0.09357
2020-11-04,14144.01,402.49,0.23758,0.002546,54.67,0.0955
2020-11-05,15590.02,416.69,0.24561,0.0026347,58.95,0.09752
2020-11-06,15579.92,455.91,0.25863,0.002757,63.2,0.1091
2020-11-07,14818.3,435.21,0.2491,0.00267,58.9,0.10128
2020-11-08,15475.1,454.3,0.25374,0.002707,61.02,0.10655
2020-11-09,15328.41,444.32,0.25059,0.002672,59.23,0.10561
2020-11-10,15297.21,450.34,0.2538,0.002761,57.93,0.1059
2020-11-11,15684.24,463.09,0.25581,0.002758,59.27,0.10599
2020-11-12,16291.86,462.39,0.2549,0.0027788,60.72,0.1046
2020-11-13,16320.7,476.43,0.2659,0.0028114,65.96,0.10629
2020-11-14,16070.45,460.89,0.26824,0.0027689,63.85,0.10411
2020-11-15,15957.0,448.08,0.26954,0.0027718,62.28,0.10046
2020-11-16,16713.57,460.55,0.28813,0.00289,73.84,0.10387
2020-11-17,17659.38,482.15,0.30247,0.0029398,76.32,0.10947
2020-11-18,17776.12,478.41,0.29335,0.0029085,73.42,0.10658
2020-11-19,17802.82,471.25,0.30358,0.0029068,81.53,0.1059
2020-11-20,18655.67,510.12,0.32991,0.002987,82.53,0.11828
2020-11-21,18703.8,552.35,0.46283,0.0035132,87.14,0.13334
2020-11-22,18414.43,560.03,0.44611,0.0033415,82.87,0.14599
2020-11-23,18368.0,608.58,0.61579,0.0036845,89.03,0.15445
2020-11-24,19160.01,604.97,0.694,0.0042592,89.25,0.16721
2020-11-25,18719.11,569.5,0.63022,0.0037081,81.75,0.15473
2020-11-26,17149.47,519.83,0.53654,0.0032492,71.0,0.13843
2020-11-27,17139.52,518.68,0.5623,0.0032752,69.15,0.14178
2020-11-28,17719.85,537.52,0.62579,0.0033945,72.7,0.16489
2020-11-29,18184.99,576.3,0.60543,0.0034365,78.91,0.16663
2020-11-30,19695.87,616.66,0.66417,0.003561,87.65,0.17204
2020-12-01,18764.96,585.26,0.61088,0.0033211,85.08,0.15562
2020-12-02,19204.09,596.89,0.62972,0.0033624,88.9,0.15845
2020-12-03,19421.9,615.85,0.63046,0.003429,89.0,0.16398
2020-12-04,18650.52,567.24,0.55367,0.003283,79.52,0.14781
2020-12-05,19147.66,596.8,0.58517,0.0033917,83.14,0.15993
2020-12-06,19359.4,601.54,0.62107,0.0033857,83.55,0.15873
2020-12-07,19166.9,591.28,0.60818,0.003336,83.37,0.15401
2020-12-08,18324.11,554.94,0.5589,0.0031723,76.76,0.1412
2020-12-09,18541.28,573.09,0.58265,0.0031562,77.41,0.14796
2020-12-10,18254.63,558.99,0.57267,0.0031043,74.7,0.14188
2020-12-11,18036.53,544.43,0.54945,0.0030732,72.2,0.13926
2020-12-12,18808.69,568.04,0.50658,0.0031609,76.67,0.14438
2020-12-13,19174.99,590.7,0.51365,0.00326,82.28,0.15406
2020-12-14,19273.14,586.29,0.4974,0.003226,82.35,0.15877
2020-12-15,19426.43,588.64,0.46793,0.0032078,81.32,0.15381
2020-12-16,21335.52,637.18,0.56941,0.0034183,92.94,0.16814
2020-12-17,22797.16,642.7,0.5769,0.003722,101.01,0.16336
2020-12-18,23107.39,653.85,0.58337,0.0038675,109.34,0.16502
2020-12-19,23821.61,658.03,0.57666,0.0039291,119.85,0.16433
2020-12-20,23455.52,638.18,0.55586,0.0046381,114.58,0.16201
2020-12-21,22719.71,607.58,0.51445,0.0047784,104.45,0.15278
2020-12-22,23810.79,636.45,0.44642,0.0045159,114.32,0.15646
2020-12-23,23232.76,585.56,0.2605,0.0037449,102.45,0.13635
2020-12-24,23729.2,612.31,0.33863,0.0045731,111.13,0.15304
2020-12-25,24712.47,626.82,0.31768,0.0045549,127.78,0.15761
2020-12-26,26493.39,637.44,0.29481,0.0045131,129.61,0.15839
2020-12-27,26281.66,685.11,0.28407,0.004547,127.88,0.15467
2020-12-28,27079.41,730.41,0.24845,0.0046015,129.83,0.17627
2020-12-29,27385.0,732.0,0.22142,0.0045012,128.8,0.19067
2020-12-30,28875.54,752.17,0.21138,0.0046251,130.05,0.18389
2020-12-31,28923.63,736.42,0.21959,0.0046709,124.21,0.18134
2021-01-01,29331.69,728.91,0.23746,0.00568,126.24,0.17509
2021-01-02,32178.33,774.56,0.22064,0.0105264,136.96,0.17742
2021-01-03,33000.05,978.28,0.2254,0.0098209,161.24,0.20615
2021-01-04,31988.71,1041.43,0.23565,0.0097613,155.34,0.22528
2021-01-05,33949.53,1099.56,0.22573,0.00997,158.43,0.25873
2021-01-06,36769.36,1208.42,0.24854,0.01042,168.92,0.33309
2021-01-07,39432.28,1224.87,0.32389,0.0097439,169.35,0.29928
2021-01-08,40582.81,1216.93,0.32032,0.00974,172.19,0.30389
2021-01-09,40088.22,1276.0,0.32419,0.0101789,177.26,0.33062
2021-01-10,38150.02,1254.25,0.31491,0.00982,170.07,0.30153
2021-01-11,35404.47,1087.01,0.28743,0.0088326,138.87,0.2757
2021-01-12,34051.24,1050.16,0.29254,0.0080807,133.42,0.28888
2021-01-13,37371.38,1129.89,0.30582,0.0086738,147.38,0.3123
2021-01-14,39144.5,1231.62,0.29642,0.0093907,152.5,0.31201
2021-01-15,36742.22,1168.53,0.27991,0.0093525,143.65,0.30188
2021-01-16,35994.98,1227.83,0.27924,0.0092374,143.52,0.35071
2021-01-17,35828.61,1232.45,0.27746,0.0090987,142.8,0.38081
2021-01-18,36631.27,1258.45,0.28528,0.0091782,151.96,0.37123
2021-01-19,35891.49,1365.36,0.29396,0.0090428,151.86,0.3672
2021-01-20,35468.23,1376.99,0.29539,0.0090487,149.69,0.37532
2021-01-21,30850.13,1110.96,0.26802,0.0081581,129.72,0.30785
2021-01-22,32945.17,1232.62,0.27217,0.0085075,137.66,0.34867
2021-01-23,32078.0,1233.6,0.27167,0.0085779,137.67,0.34583
2021-01-24,32259.9,1392.51,0.27339,0.0087135,141.01,0.35345
2021-01-25,32254.2,1317.88,0.26757,0.0083509,137.07,0.34308
2021-01-26,32467.77,1365.97,0.26834,0.0082472,134.67,0.3433
2021-01-27,30366.15,1239.03,0.25039,0.0074124,122.44,0.31144
2021-01-28,33364.86,1329.69,0.26407,0.0364995,133.27,0.34409
2021-01-29,34252.2,1379.5,0.2829,0.0459059,134.65,0.34752
2021-01-30,34262.88,1378.05,0.44372,0.02826,133.36,0.364
2021-01-31,33092.98,1312.55,0.49507,0.037,129.36,0.34475
2021-02-01,33526.37,1374.17,0.37106,0.0348173,132.0,0.40876
2021-02-02,35466.24,1511.87,0.37254,0.0313489,141.98,0.42498
2021-02-03,37618.87,1664.49,0.39721,0.0372597,155.93,0.44189
2021-02-04,36936.66,1595.67,0.44545,0.0529081,145.07,0.43934
2021-02-05,38290.24,1719.19,0.45219,0.0467193,155.05,0.53917
2021-02-06,39186.94,1676.35,0.44307,0.0576559,155.57,0.63444
2021-02-07,38795.69,1611.62,0.41849,0.0779247,150.76,0.66109
2021-02-08,46374.87,1750.15,0.45099,0.0787,167.28,0.67638
2021-02-09,46420.42,1769.13,0.47636,0.0700121,181.49,0.70562
2021-02-10,44807.58,1740.78,0.50429,0.0725527,181.56,0.93966
2021-02-11,47969.51,1785.62,0.52806,0.069583,183.62,0.92796
2021-02-12,47287.6,1840.26,0.609,0.0697675,196.69,0.92426
2021-02-13,47153.69,1814.96,0.63309,0.0662405,225.76,0.91299
2021-02-14,48577.79,1800.42,0.59211,0.0626783,213.49,0.84364
2021-02-15,47911.1,1779.25,0.54976,0.0565,207.83,0.86143
2021-02-16,49133.45,1781.99,0.51995,0.053476,210.26,0.87
2021-02-17,52119.71,1849.88,0.53467,0.0495187,237.49,0.89206
2021-02-18,51552.6,1939.61,0.53204,0.0587991,226.59,0.91442
2021-02-19,55906.0,1955.0,0.56465,0.055033,236.5,0.92581
2021-02-20,55841.19,1913.0,0.51167,0.0541708,226.65,1.11568
2021-02-21,57408.57,1933.53,0.54468,0.0560183,227.13,1.09894
2021-02-22,54087.67,1777.58,0.56646,0.0535557,208.32,1.09703
2021-02-23,48891.0,1577.89,0.47579,0.0476562,177.34,0.96197
2021-02-24,49676.2,1623.39,0.4686,0.0567911,181.43,1.04902
2021-02-25,47073.73,1481.75,0.43601,0.0499138,179.36,1.07691
2021-02-26,46276.87,1444.59,0.42788,0.0504768,170.25,1.24303
2021-02-27,46106.43,1458.13,0.43589,0.0500725,171.76,1.31402
2021-02-28,45135.66,1419.18,0.41565,0.0481582,165.22,1.31203
2021-03-01,49587.03,1569.86,0.44537,0.0505933,175.89,1.29627
2021-03-02,48440.65,1486.78,0.4357,0.050364,179.08,1.2228
2021-03-03,50349.37,1567.69,0.44846,0.0504146,187.64,1.21311
2021-03-04,48374.09,1539.23,0.48096,0.0499865,180.67,1.11239
2021-03-05,48751.71,1528.31,0.45457,0.0495285,180.23,1.15908
2021-03-06,48882.2,1650.35,0.46285,0.0509588,182.85,1.129
2021-03-07,50971.75,1726.16,0.46558,0.0519871,190.75,1.13042
2021-03-08,52375.17,1833.18,0.47412,0.0629738,191.85,1.11848
2021-03-09,54884.5,1870.51,0.4849,0.0579117,203.81,1.1972
2021-03-10,55851.59,1795.12,0.46155,0.0558692,200.29,1.13261
2021-03-11,57773.16,1825.78,0.45187,0.0559286,201.36,1.1243
2021-03-12,57221.72,1766.1,0.43934,0.0552731,220.84,1.03207
2021-03-13,61188.39,1922.35,0.45787,0.0627892,226.06,1.1
2021-03-14,58968.31,1848.1,0.43905,0.058221,213.94,1.05243
2021-03-15,55605.2,1793.48,0.43574,0.0569691,200.59,1.03103
2021-03-16,56900.75,1805.12,0.46024,0.0586507,201.6,1.24924
2021-03-17,58912.97,1823.58,0.4698,0.057892,205.98,1.377
2021-03-18,57648.16,1776.08,0.46893,0.0573485,199.7,1.22925
2021-03-19,58030.01,1809.1,0.46651,0.0582472,199.96,1.29474
2021-03-20,58102.28,1806.1,0.52613,0.0588186,200.17,1.20046
2021-03-21,57351.56,1782.98,0.51651,0.0574781,195.31,1.18561
2021-03-22,54083.25,1680.97,0.5441,0.054888,185.67,1.1015
2021-03-23,54340.89,1668.08,0.5498,0.0533532,185.83,1.11639
2021-03-24,52303.65,1581.84,0.48021,0.0514996,176.05,1.06902
2021-03-25,51293.78,1585.74,0.51058,0.051266,171.53,1.0956
2021-03-26,55025.59,1698.84,0.56357,0.053931,183.45,1.2142
2021-03-27,55817.14,1712.63,0.54752,0.054436,184.06,1.17678
2021-03-28,55777.63,1687.01,0.54552,0.0536656,184.24,1.18983
2021-03-29,57635.47,1816.74,0.56538,0.054124,193.73,1.20239
2021-03-30,58746.57,1840.46,0.5621,0.0540003,195.74,1.21189
2021-03-31,58740.55,1919.37,0.56982,0.0537699,196.7,1.19191
2021-04-01,58720.44,1968.05,0.57087,0.062151,202.86,1.18377
2021-04-02,58950.01,2133.69,0.60701,0.0575849,211.46,1.18998
2021-04-03,57051.94,2008.52,0.57831,0.0555113,195.23,1.16238
2021-04-04,58202.01,2075.69,0.635,0.0573943,202.21,1.18206
2021-04-05,59129.99,2107.38,0.91584,0.0599992,221.48,1.2118
2021-04-06,57991.15,2112.21,1.09663,0.0644047,237.04,1.252
2021-04-07,55953.45,1963.47,0.91542,0.0587769,219.05,1.17359
2021-04-08,58077.52,2080.46,1.05599,0.0617838,226.11,1.21926
2021-04-09,58142.54,2066.87,1.01721,0.0615878,221.12,1.20201
2021-04-10,59769.13,2133.49,1.3728,0.0637167,256.34,1.21747
2021-04-11,60002.43,2151.36,1.35118,0.07433,252.31,1.26355
2021-04-12,59860.0,2137.69,1.46843,0.0707343,244.42,1.31431
2021-04-13,63575.0,2299.19,1.79611,0.094402,267.59,1.41246
2021-04-14,62959.53,2432.6,1.83468,0.1214329,278.86,1.45092
2021-04-15,63159.98,2514.04,1.75781,0.1823599,285.63,1.4782
2021-04-16,61334.8,2422.67,1.54805,0.3654434,308.43,1.40989
2021-04-17,60006.66,2317.6,1.53896,0.2822532,300.86,1.36802
2021-04-18,56150.01,2235.64,1.40797,0.3223299,273.36,1.27693
2021-04-19,55633.14,2161.12,1.30945,0.408903,261.38,1.1945
2021-04-20,56425.0,2330.03,1.38501,0.3173205,260.68,1.26689
2021-04-21,53787.63,2357.06,1.29097,0.3058251,257.69,1.20358
2021-04-22,51690.96,2397.94,1.15489,0.2606615,252.5,1.144
2021-04-23,51125.14,2367.39,1.17073,0.2498155,241.31,1.15866
2021-04-24,50047.84,2213.35,1.04833,0.27,224.75,1.10287
2021-04-25,49066.77,2320.49,1.0351,0.25159,223.88,1.0913
2021-04-26,54001.39,2532.6,1.3629,0.27161,247.42,1.2375
2021-04-27,55011.97,2666.13,1.4017,0.27232,259.77,1.3063
2021-04-28,54846.22,2748.24,1.3576,0.32311,258.51,1.3379
2021-04-29,53555.0,2757.04,1.3978,0.30479,255.31,1.3063
2021-04-30,57694.27,2772.42,1.5988,0.33746,271.13,1.3532
2021-05-01,57800.37,2944.77,1.651,0.39087,276.78,1.3516
2021-05-02,56578.21,2949.56,1.5605,0.37397,268.88,1.3267
2021-05-03,57169.39,3431.04,1.5546,0.44142,294.87,1.3622
2021-05-04,53200.01,3239.01,1.3877,0.53854,305.23,1.2698
2021-05-05,57436.11,3524.26,1.6133,0.654,356.04,1.4798
2021-05-06,56393.68,3489.73,1.6028,0.58106,354.67,1.6491
2021-05-07,57314.75,3479.53,1.5793,0.68982,344.89,1.653
2021-05-08,58862.05,3910.26,1.5611,0.63708,347.1,1.6211
2021-05-09,58240.84,3923.95,1.5345,0.57063,387.8,1.7663
2021-05-10,55816.14,3945.88,1.3906,0.45074,358.89,1.6423
2021-05-11,56670.02,4173.45,1.4786,0.49326,377.6,1.7632
2021-05-12,49631.32,3823.21,1.2691,0.3916,310.4,1.5694
2021-05-13,49670.97,3717.91,1.364,0.48945,317.95,1.9296
2021-05-14,49841.45,4075.01,1.4,0.55971,326.23,2.0069
2021-05-15,46762.99,3646.68,1.4904,0.50855,300.3,2.1744
2021-05-16,46431.5,3582.1,1.4496,0.5137,295.89,2.3002
2021-05-17,43538.04,3282.51,1.4946,0.4875,281.53,2.0307
2021-05-18,42849.78,3375.07,1.5889,0.47574,293.98,2.0036
2021-05-19,36690.09,2438.92,1.0568,0.32945,185.93,1.4663
2021-05-20,40526.64,2768.62,1.1795,0.39758,210.74,1.8006
2021-05-21,37252.01,2430.98,1.0062,0.35778,179.97,1.5493
2021-05-22,37449.73,2294.87,0.9052,0.34199,169.32,1.4629
2021-05-23,34655.25,2096.39,0.7898,0.30633,142.39,1.3139
2021-05-24,38796.29,2648.43,0.993,0.36589,185.32,1.55
2021-05-25,38324.72,2705.11,0.9746,0.34598,183.76,1.5532
2021-05-26,39241.91,2884.94,1.0316,0.35284,198.91,1.7791
2021-05-27,38529.98,2742.23,0.9747,0.33403,194.32,1.6552
2021-05-28,35663.49,2412.1,0.8985,0.31123,177.33,1.5133
2021-05-29,34605.15,2278.74,0.8318,0.3028,164.01,1.4029
2021-05-30,35641.27,2385.98,0.9058,0.30179,170.51,1.5751
2021-05-31,37253.81,2706.15,1.0409,0.32557,187.97,1.7373
2021-06-01,36693.09,2634.57,1.0108,0.37006,182.99,1.7363
2021-06-02,37568.68,2706.22,1.0241,0.42338,187.14,1.7534
2021-06-03,39246.79,2857.25,1.045,0.40078,193.5,1.8453
2021-06-04,36829.0,2689.51,0.9683,0.37628,178.44,1.7077
2021-06-05,35513.2,2627.73,0.923,0.3713,172.94,1.6551
2021-06-06,35796.31,2711.92,0.947,0.37143,176.41,1.6771
2021-06-07,33552.79,2592.05,0.8618,0.33146,161.95,1.5659
2021-06-08,33380.81,2507.23,0.8731,0.32586,160.63,1.5819
2021-06-09,37388.05,2610.18,0.9218,0.34318,172.56,1.6279
2021-06-10,36675.72,2471.09,0.8686,0.32606,168.16,1.5328
2021-06-11,37331.98,2354.01,0.8471,0.3187,162.83,1.4371
2021-06-12,35546.11,2370.74,0.8326,0.31216,161.8,1.4789
2021-06-13,39020.57,2509.33,0.8832,0.32394,170.85,1.5566
2021-06-14,40516.29,2580.77,0.8906,0.32767,179.89,1.5769
2021-06-15,40144.04,2543.54,0.8663,0.32028,175.15,1.5552
2021-06-16,38349.01,2367.89,0.832,0.30775,166.57,1.4851
2021-06-17,38092.97,2373.28,0.8419,0.30619,167.08,1.4826
2021-06-18,35819.84,2234.09,0.7972,0.29328,156.34,1.4163
2021-06-19,35483.72,2164.67,0.7582,0.28567,152.49,1.3839
2021-06-20,35600.16,2243.47,0.7741,0.28054,154.88,1.4263
2021-06-21,31608.93,1885.49,0.6067,0.17873,124.46,1.174
2021-06-22,32509.56,1879.28,0.5468,0.19072,119.64,1.1567
2021-06-23,33678.07,1968.14,0.6383,0.23468,129.1,1.2512
2021-06-24,34663.09,1989.52,0.6731,0.26377,134.58,1.3604
2021-06-25,31584.45,1808.82,0.6111,0.23745,125.0,1.2521
2021-06-26,32283.65,1829.64,0.6162,0.24583,126.89,1.2521
2021-06-27,34700.34,1982.28,0.6484,0.2645,132.6,1.338
2021-06-28,34494.89,2084.41,0.6444,0.25707,137.69,1.326
2021-06-29,35911.73,2165.33,0.7063,0.26349,144.2,1.373
2021-06-30,35045.0,2275.68,0.7063,0.25391,144.26,1.3853
2021-07-01,33504.69,2106.41,0.6591,0.24381,137.02,1.3313
2021-07-02,33786.55,2154.13,0.6556,0.24505,136.85,1.3946
2021-07-03,34669.13,2226.99,0.6732,0.24636,140.17,1.4045
2021-07-04,35286.51,2322.69,0.696,0.24643,144.95,1.4615
2021-07-05,33690.14,2196.53,0.6526,0.2311,137.71,1.4039
2021-07-06,34220.01,2322.5,0.6648,0.23417,138.87,1.4157
2021-07-07,33862.12,2316.57,0.6522,0.22386,137.41,1.404
2021-07-08,32875.71,2116.33,0.6215,0.2069,132.15,1.327
2021-07-09,33815.81,2146.99,0.6369,0.21963,134.58,1.3504
2021-07-10,33502.87,2110.69,0.6246,0.21375,133.99,1.3356
2021-07-11,34258.99,2140.45,0.6364,0.21597,134.28,1.3485
2021-07-12,33086.63,2031.58,0.6288,0.20775,133.38,1.3126
2021-07-13,32729.77,1940.15,0.6192,0.19997,131.44,1.265
2021-07-14,32820.02,1994.58,0.6197,0.19761,131.07,1.2635
2021-07-15,31880.0,1919.51,0.5979,0.18534,125.86,1.2258
2021-07-16,31383.87,1876.26,0.5893,0.17202,120.65,1.1708
2021-07-17,31520.07,1899.59,0.5821,0.18734,119.95,1.1721
2021-07-18,31778.56,1891.64,0.5866,0.18157,119.17,1.1813
2021-07-19,30839.65,1818.73,0.557,0.17362,113.13,1.1225
2021-07-20,29790.35,1786.03,0.5284,0.17047,107.29,1.0539
2021-07-21,32144.51,1995.5,0.5719,0.19046,117.74,1.1711
2021-07-22,32287.83,2024.56,0.592,0.19123,120.67,1.1856
2021-07-23,33634.09,2124.25,0.6091,0.19489,124.24,1.2077
2021-07-24,34258.14,2184.75,0.6085,0.19688,125.99,1.2327
2021-07-25,35381.02,2189.79,0.6069,0.19793,127.68,1.2284
2021-07-26,37237.6,2228.08,0.6234,0.20362,131.06,1.2551
2021-07-27,39457.87,2299.49,0.6451,0.20585,134.74,1.2799
2021-07-28,40019.56,2300.9,0.7327,0.20574,140.42,1.2875
2021-07-29,40016.48,2382.92,0.7488,0.20502,141.44,1.2856
2021-07-30,42206.37,2461.81,0.7521,0.20873,145.51,1.3108
2021-07-31,41461.83,2531.05,0.746,0.20765,144.37,1.3193
2021-08-01,39845.44,2555.69,0.7242,0.20424,140.31,1.3142
2021-08-02,39147.82,2606.93,0.738,0.20327,141.35,1.3083
2021-08-03,38207.05,2509.04,0.7136,0.19626,138.49,1.3696
2021-08-04,39723.18,2724.78,0.731,0.20153,142.57,1.3765
2021-08-05,40862.46,2826.99,0.7327,0.20095,143.53,1.3859
2021-08-06,42836.87,2891.58,0.7474,0.20482,147.95,1.4025
2021-08-07,44572.54,3160.31,0.8162,0.26189,155.92,1.4727
2021-08-08,43794.37,3011.85,0.7788,0.23996,149.69,1.4255
2021-08-09,46253.4,3160.52,0.817,0.25609,166.31,1.4745
2021-08-10,45584.99,3141.66,0.8511,0.25732,165.38,1.678
2021-08-11,45511.0,3160.5,1.0105,0.26445,170.6,1.7934
2021-08-12,44399.0,3045.96,0.966,0.26401,165.38,1.8324
2021-08-13,47800.0,3322.32,1.0901,0.28667,183.31,2.1386
2021-08-14,47068.51,3263.16,1.2791,0.29402,182.76,2.1878
2021-08-15,46973.82,3307.09,1.2839,0.33984,184.6,2.1667
2021-08-16,45901.29,3146.53,1.1855,0.31956,177.93,2.0714
2021-08-17,44695.95,3011.72,1.0978,0.29933,168.61,1.9239
2021-08-18,44705.29,3014.55,1.1431,0.3032,166.65,2.1043
2021-08-19,46760.62,3184.12,1.2347,0.31778,175.59,2.4411
2021-08-20,49322.47,3284.82,1.2629,0.32733,183.59,2.4557
2021-08-21,48821.87,3223.43,1.2158,0.31662,179.63,2.4341
2021-08-22,49239.22,3238.0,1.226,0.31467,185.91,2.7049
2021-08-23,49488.85,3321.28,1.2457,0.31783,187.01,2.9152
2021-08-24,47674.01,3170.62,1.1353,0.28864,173.42,2.7187
2021-08-25,48973.32,3226.87,1.1735,0.29255,177.75,2.739
2021-08-26,46843.87,3093.2,1.0712,0.2684,167.7,2.528
2021-08-27,49069.9,3273.45,1.1918,0.2944,176.2,2.946
2021-08-28,48895.35,3244.48,1.1459,0.286,175.6,2.847
2021-08-29,48767.83,3223.47,1.1408,0.2809,174.3,2.851
2021-08-30,46982.91,3229.64,1.1002,0.272,167.3,2.734
2021-08-31,47100.89,3429.2,1.1856,0.2781,171.5,2.767
2021-09-01,48810.52,3826.82,1.2362,0.2943,180.9,2.869
2021-09-02,49246.64,3785.82,1.2533,0.2947,183.3,2.96
2021-09-03,49999.14,3938.11,1.2907,0.2961,212.9,2.966
2021-09-04,49915.64,3885.52,1.2548,0.2992,211.9,2.83
2021-09-05,51756.88,3950.29,1.3076,0.3143,232.2,2.91
2021-09-06,52663.9,3926.77,1.3894,0.309,219.4,2.833
2021-09-07,46863.73,3434.57,1.1292,0.2552,178.5,2.514
2021-09-08,46048.31,3499.0,1.0998,0.2567,179.7,2.47
2021-09-09,46395.14,3424.93,1.0868,0.2525,180.5,2.518
2021-09-10,44850.91,3208.86,1.0552,0.2397,174.1,2.383
2021-09-11,45173.69,3267.21,1.0787,0.241,178.6,2.638
2021-09-12,46025.24,3404.21,1.1181,0.2502,183.0,2.581
2021-09-13,44940.73,3285.35,1.0643,0.2358,179.4,2.402
2021-09-14,47111.52,3434.37,1.0963,0.2406,183.1,2.396
2021-09-15,48121.41,3613.55,1.1207,0.2476,189.0,2.505
2021-09-16,47737.82,3567.98,1.0902,0.2418,185.2,2.417
2021-09-17,47299.98,3399.81,1.0661,0.2401,180.0,2.35
2021-09-18,48292.74,3435.64,1.0751,0.2413,181.4,2.371
2021-09-19,47241.75,3328.62,1.0483,0.2331,175.6,2.283
2021-09-20,43015.62,2977.28,0.9216,0.2086,157.2,2.079
2021-09-21,40734.38,2765.9,0.8743,0.2009,148.5,1.986
2021-09-22,43543.61,3076.92,1.0033,0.2245,161.4,2.257
2021-09-23,44865.26,3152.5,1.0016,0.2246,163.9,2.327
2021-09-24,42810.57,2928.53,0.944,0.2091,152.1,2.277
2021-09-25,42670.64,2921.73,0.94,0.2083,151.0,2.3
2021-09-26,43160.9,3059.37,0.9436,0.205,150.7,2.207
2021-09-27,42147.35,2925.59,0.9218,0.1997,145.0,2.13
2021-09-28,41026.54,2804.91,0.8928,0.1965,140.6,2.037
2021-09-29,41524.28,2850.45,0.9268,0.1987,144.7,2.066
2021-09-30,43824.1,3000.61,0.9533,0.2042,153.3,2.115
2021-10-01,48141.61,3309.91,1.0422,0.2226,166.2,2.256
2021-10-02,47634.9,3387.76,1.0359,0.2185,168.9,2.247
2021-10-03,48200.01,3417.73,1.0552,0.2218,170.5,2.251
2021-10-04,49224.94,3386.31,1.0425,0.2414,167.5,2.191
2021-10-05,51471.99,3515.27,1.0839,0.2516,173.8,2.233
2021-10-06,55315.0,3574.89,1.0765,0.2541,178.5,2.209
2021-10-07,53785.22,3587.47,1.0678,0.2428,178.6,2.278
2021-10-08,53951.43,3563.13,1.0636,0.2441,175.9,2.237
2021-10-09,54949.72,3574.82,1.1604,0.2467,179.9,2.268
2021-10-10,54659.0,3414.22,1.1352,0.2288,174.8,2.189
2021-10-11,57471.35,3542.12,1.1364,0.2312,179.1,2.171
2021-10-12,55996.93,3491.46,1.1018,0.2261,172.6,2.118
2021-10-13,57367.0,3607.42,1.1275,0.2326,177.6,2.19
2021-10-14,57347.94,3790.82,1.1336,0.2325,181.3,2.172
2021-10-15,61672.42,3868.99,1.1413,0.234,189.6,2.218
2021-10-16,60875.57,3829.96,1.1343,0.2372,186.0,2.179
2021-10-17,61528.33,3846.85,1.0944,0.2378,183.7,2.158
2021-10-18,62009.84,3744.96,1.0827,0.2474,185.6,2.128
2021-10-19,64280.59,3877.03,1.0911,0.2454,188.8,2.11
2021-10-20,66001.41,4161.15,1.1455,0.2548,207.3,2.19
2021-10-21,62193.15,4052.99,1.0886,0.2424,196.8,2.137
2021-10-22,60688.22,3972.2,1.0885,0.2446,191.0,2.156
2021-10-23,61286.75,4167.12,1.0934,0.2511,196.3,2.166
2021-10-24,60852.22,4082.33,1.0821,0.2756,190.4,2.12
2021-10-25,63078.78,4220.37,1.0951,0.2651,195.5,2.144
2021-10-26,60328.81,4131.52,1.1075,0.2559,197.6,2.137
2021-10-27,58413.44,3922.0,0.995,0.2379,179.3,1.912
2021-10-28,60575.89,4286.02,1.0579,0.2997,189.8,1.987
2021-10-29,62253.71,4418.89,1.0825,0.2882,196.7,2.015
2021-10-30,61859.19,4322.68,1.0846,0.269,190.2,1.955
2021-10-31,61299.8,4287.21,1.1128,0.28,191.9,1.964
2021-11-01,60911.11,4319.43,1.0915,0.2716,197.6,1.949
2021-11-02,63219.99,4589.89,1.1349,0.2739,200.9,1.971
2021-11-03,62896.48,4603.35,1.2101,0.2689,207.3,2.063
2021-11-04,61395.01,4532.32,1.2004,0.263,202.6,1.983
2021-11-05,60937.12,4474.24,1.1581,0.2609,198.9,1.982
2021-11-06,61470.61,4518.0,1.151,0.2618,197.6,2.005
2021-11-07,63273.59,4612.59,1.2198,0.2664,202.0,2.021
2021-11-08,67525.83,4807.98,1.2815,0.2819,229.0,2.125
2021-11-09,66947.66,4732.33,1.2571,0.2736,262.0,2.27
2021-11-10,64882.43,4628.78,1.1902,0.2553,260.4,2.097
2021-11-11,64774.26,4719.0,1.2142,0.2605,262.3,2.079
2021-11-12,64122.23,4665.46,1.1883,0.2593,251.2,2.045
2021-11-13,64380.0,4644.28,1.1892,0.2613,257.7,2.05
2021-11-14,65519.1,4626.5,1.1879,0.2628,279.3,2.04
2021-11-15,63606.74,4563.78,1.172,0.2566,263.0,2.017
2021-11-16,60058.87,4209.76,1.0877,0.2365,230.2,1.874
2021-11-17,60344.87,4287.8,1.0953,0.2374,229.6,1.876
2021-11-18,56891.62,3996.9,1.0406,0.2208,204.2,1.786
2021-11-19,58052.24,4294.76,1.0892,0.2329,217.9,1.863
2021-11-20,59707.51,4412.17,1.0965,0.233,226.8,1.922
2021-11-21,58622.02,4258.31,1.0569,0.2255,221.1,1.835
2021-11-22,56247.18,4085.97,1.0354,0.2195,209.1,1.776
2021-11-23,57541.27,4339.44,1.0661,0.2266,216.2,1.751
2021-11-24,57138.29,4269.36,1.0326,0.217,212.2,1.666
2021-11-25,58960.36,4524.85,1.0438,0.2209,222.9,1.675
2021-11-26,53726.53,4041.2,0.9394,0.2016,195.7,1.533
2021-11-27,54721.03,4095.29,0.9452,0.2049,195.1,1.543
2021-11-28,57274.88,4294.78,0.9687,0.2073,199.5,1.594
2021-11-29,57776.25,4444.53,0.9898,0.215,205.5,1.601
2021-11-30,56950.56,4630.26,0.9983,0.2147,207.8,1.554
2021-12-01,57184.07,4582.95,0.9899,0.2093,208.8,1.548
2021-12-02,56480.34,4511.21,0.9716,0.2095,203.5,1.719
2021-12-03,53601.05,4215.73,0.9211,0.1999,188.0,1.556
2021-12-04,49152.47,4117.25,0.8449,0.1781,162.7,1.42
2021-12-05,49396.33,4196.44,0.8045,0.1712,156.3,1.378
2021-12-06,50441.92,4347.59,0.8255,0.1776,161.3,1.42
2021-12-07,50588.95,4306.4,0.8154,0.1762,161.8,1.378
2021-12-08,50471.19,4436.91,0.8622,0.179,165.1,1.396
2021-12-09,47545.59,4105.64,0.8583,0.1691,151.3,1.289
2021-12-10,47140.54,3897.94,0.7992,0.1641,148.3,1.211
2021-12-11,49389.99,4089.37,0.8392,0.1689,158.0,1.354
2021-12-12,50053.9,4130.0,0.8393,0.1697,159.0,1.346
2021-12-13,46702.75,3781.93,0.7818,0.1573,144.6,1.223
2021-12-14,48343.28,3858.99,0.8103,0.1909,150.4,1.266
2021-12-15,48864.98,4019.08,0.8262,0.1808,153.6,1.311
2021-12-16,47632.38,3958.11,0.8051,0.1732,148.9,1.24
2021-12-17,46131.2,3875.42,0.7966,0.1685,144.1,1.218
2021-12-18,46834.48,3959.93,0.8262,0.1723,148.6,1.242
2021-12-19,46681.23,3924.14,0.835,0.1694,153.2,1.243
2021-12-20,46914.16,3944.73,0.8798,0.1671,152.6,1.237
2021-12-21,48889.88,4014.15,0.9467,0.1707,154.7,1.28
2021-12-22,48588.16,3979.51,0.9537,0.173,155.4,1.327
2021-12-23,50838.81,4111.41,0.9941,0.185,163.6,1.475
2021-12-24,50820.0,4046.36,0.9115,0.1862,161.2,1.392
2021-12-25,50399.66,4094.83,0.9252,0.1908,157.8,1.452
2021-12-26,50775.49,4063.56,0.92,0.1898,155.7,1.455
2021-12-27,50701.44,4037.23,0.9269,0.1879,155.9,1.516
2021-12-28,47543.74,3792.75,0.8515,0.1739,145.7,1.4
2021-12-29,46464.66,3630.19,0.8171,0.168,145.5,1.332
2021-12-30,47120.87,3709.27,0.8386,0.1711,148.0,1.359
2021-12-31,46216.93,3676.23,0.8297,0.1703,146.3,1.308
2022-01-01,47722.65,3765.54,0.8507,0.1732,150.8,1.38
2022-01-02,47286.18,3828.27,0.8586,0.1745,151.2,1.377
2022-01-03,46446.1,3765.89,0.8324,0.1703,148.5,1.319
2022-01-04,45832.01,3785.11,0.8228,0.1684,146.5,1.309
2022-01-05,43451.13,3540.63,0.7726,0.159,135.4,1.23
2022-01-06,43082.31,3406.81,0.7791,0.1599,135.9,1.28
2022-01-07,41566.48,3199.24,0.7634,0.155,131.4,1.21
2022-01-08,41679.74,3080.95,0.7452,0.1509,129.4,1.181
2022-01-09,41864.62,3151.97,0.753,0.1505,130.9,1.17
2022-01-10,41822.49,3082.68,0.7399,0.1431,126.5,1.123
2022-01-11,42729.29,3239.72,0.7703,0.1538,131.6,1.187
2022-01-12,43902.66,3371.26,0.7987,0.1628,141.9,1.312
2022-01-13,42560.11,3240.61,0.768,0.1717,136.7,1.233
2022-01-14,43059.96,3307.42,0.7732,0.1832,144.7,1.292
2022-01-15,43084.29,3326.04,0.7791,0.1845,147.7,1.291
2022-01-16,43071.66,3346.88,0.7784,0.1766,146.4,1.41
2022-01-17,42201.62,3209.67,0.7617,0.1708,151.2,1.603
2022-01-18,42352.12,3159.85,0.7509,0.1651,141.5,1.458
2022-01-19,41660.01,3084.02,0.7381,0.1615,136.2,1.337
2022-01-20,40680.91,3001.48,0.7199,0.1553,129.7,1.259
2022-01-21,36445.31,2568.15,0.6368,0.1419,114.5,1.12
2022-01-22,35071.42,2412.18,0.5966,0.1332,108.4,1.071
2022-01-23,36244.55,2539.01,0.6283,0.1418,112.3,1.124
2022-01-24,36660.35,2439.29,0.6118,0.1373,109.5,1.065
2022-01-25,36958.32,2458.83,0.618,0.1427,107.8,1.043
2022-01-26,36809.34,2462.99,0.6193,0.1431,106.9,1.077
2022-01-27,37160.1,2424.25,0.6088,0.1414,106.9,1.042
2022-01-28,37716.56,2544.99,0.6111,0.1414,109.4,1.048
2022-01-29,38166.84,2601.43,0.6174,0.143,110.8,1.059
2022-01-30,37881.76,2601.68,0.6013,0.1391,108.6,1.035
2022-01-31,38466.9,2686.94,0.6174,0.1415,109.5,1.051
2022-02-01,38694.59,2787.23,0.6284,0.1423,115.0,1.096
2022-02-02,36896.36,2680.67,0.6006,0.137,108.3,1.027
2022-02-03,37311.61,2695.46,0.6102,0.1379,111.0,1.061
2022-02-04,41574.25,2994.99,0.6555,0.1478,121.3,1.138
2022-02-05,41382.59,3012.65,0.6656,0.1469,121.7,1.125
2022-02-06,42380.87,3054.99,0.6825,0.1539,127.6,1.143
2022-02-07,43839.99,3139.77,0.8314,0.1653,137.4,1.199
2022-02-08,44042.99,3116.69,0.8763,0.1581,133.7,1.176
2022-02-09,44372.72,3243.94,0.8697,0.1594,140.1,1.195
2022-02-10,43495.44,3072.49,0.8253,0.1514,134.6,1.15
2022-02-11,42373.73,2927.54,0.7591,0.1446,125.6,1.079
2022-02-12,42217.87,2918.88,0.8223,0.1444,126.7,1.059
2022-02-13,42053.66,2871.13,0.8057,0.148,125.6,1.042
2022-02-14,42535.94,2929.75,0.8012,0.1457,124.6,1.049
2022-02-15,44544.86,3183.52,0.8515,0.1517,131.5,1.107
2022-02-16,43873.56,3122.3,0.8366,0.1487,127.7,1.082
2022-02-17,40515.7,2891.87,0.769,0.1383,116.3,1.02
2022-02-18,39974.44,2779.48,0.784,0.1386,114.9,0.995
2022-02-19,40079.17,2763.63,0.8215,0.1409,115.5,0.996
2022-02-20,38386.89,2621.99,0.7769,0.1366,110.6,0.931
2022-02-21,37008.16,2568.02,0.7018,0.1282,102.8,0.856
2022-02-22,38230.33,2636.29,0.7209,0.1313,107.4,0.888
2022-02-23,37250.01,2579.71,0.6967,0.1273,105.4,0.866
2022-02-24,38327.21,2596.2,0.6963,0.1241,104.1,0.853
2022-02-25,39219.17,2768.49,0.7699,0.1276,109.2,0.898
2022-02-26,39116.72,2779.47,0.7508,0.1276,108.2,0.887
2022-02-27,37699.07,2616.79,0.7215,0.1229,102.9,0.856
2022-02-28,43160.0,2920.95,0.7809,0.1335,113.7,0.962
2022-03-01,44421.2,2976.33,0.7839,0.134,112.5,0.963
2022-03-02,43892.98,2947.3,0.7687,0.133,110.3,0.939
2022-03-03,42454.0,2833.99,0.7515,0.1297,111.7,0.903
2022-03-04,39148.66,2622.1,0.7127,0.1226,101.0,0.844
2022-03-05,39397.96,2665.15,0.754,0.125,104.9,0.864
2022-03-06,38420.81,2551.29,0.7251,0.1207,101.1,0.823
2022-03-07,37988.0,2491.12,0.7197,0.1167,98.4,0.793
2022-03-08,38730.63,2575.97,0.7207,0.117,100.7,0.802
2022-03-09,41941.71,2726.98,0.7658,0.1215,106.9,0.849
2022-03-10,39422.0,2606.7,0.7361,0.1169,102.5,0.807
2022-03-11,38729.57,2556.86,0.8029,0.1155,104.6,0.788
2022-03-12,38807.36,2568.8,0.7857,0.1147,105.6,0.789
2022-03-13,37777.34,2515.65,0.7602,0.1114,101.7,0.786
2022-03-14,39671.37,2589.41,0.7748,0.1139,105.6,0.802
2022-03-15,39280.33,2617.73,0.7657,0.1126,106.8,0.8
2022-03-16,41114.0,2773.81,0.7919,0.1171,111.4,0.838
2022-03-17,40917.9,2811.92,0.7935,0.1163,110.2,0.835
2022-03-18,41757.51,2938.92,0.7965,0.1191,111.9,0.851
2022-03-19,42201.13,2950.84,0.8194,0.1236,116.8,0.903
2022-03-20,41262.11,2861.38,0.8057,0.1191,114.9,0.879
2022-03-21,41002.25,2890.03,0.8373,0.1192,116.0,0.917
2022-03-22,42364.13,2969.64,0.8366,0.1224,122.7,0.975
2022-03-23,42882.76,3036.0,0.8376,0.1298,122.4,1.108
2022-03-24,43991.46,3110.76,0.8428,0.1368,126.5,1.131
2022-03-25,44313.16,3102.14,0.8239,0.1308,123.9,1.096
2022-03-26,44511.27,3145.0,0.8327,0.136,124.8,1.152
2022-03-27,46827.76,3295.65,0.858,0.1448,129.7,1.184
2022-03-28,47122.21,3332.92,0.8641,0.1425,127.6,1.17
2022-03-29,47434.8,3400.51,0.8577,0.1444,130.1,1.191
2022-03-30,47067.99,3385.79,0.8613,0.1432,131.1,1.189
2022-03-31,45510.34,3281.51,0.8148,0.1381,123.8,1.141
2022-04-01,46283.49,3455.21,0.8277,0.1413,124.8,1.165
2022-04-02,45811.0,3443.77,0.824,0.1387,124.8,1.155
2022-04-03,46407.35,3521.91,0.8432,0.1466,128.7,1.186
2022-04-04,46580.51,3519.5,0.826,0.1485,124.8,1.212
2022-04-05,45497.55,3406.99,0.8164,0.1727,122.7,1.171
2022-04-06,43170.47,3168.51,0.7595,0.1433,111.7,1.052
2022-04-07,43444.19,3227.19,0.7871,0.1459,114.1,1.089
2022-04-08,42252.01,3192.39,0.7549,0.1424,110.7,1.024
2022-04-09,42753.97,3258.57,0.7622,0.1442,112.7,1.045
2022-04-10,42158.85,3203.04,0.7543,0.1482,110.3,1.027
2022-04-11,39530.45,2979.74,0.6948,0.1341,102.4,0.92
2022-04-12,40074.94,3027.66,0.7152,0.138,104.8,0.955
2022-04-13,41147.79,3118.28,0.7232,0.1399,110.5,0.974
2022-04-14,39942.38,3021.98,0.7262,0.1441,107.3,0.933
2022-04-15,40551.9,3040.56,0.7858,0.1458,111.0,0.956
2022-04-16,40378.71,3059.3,0.7808,0.1435,114.3,0.951
2022-04-17,39678.12,2988.06,0.7519,0.1392,108.8,0.914
2022-04-18,40801.13,3055.56,0.7699,0.1402,111.3,0.937
2022-04-19,41493.18,3101.77,0.7749,0.1425,113.8,0.952
2022-04-20,41358.19,3076.04,0.7517,0.1407,111.9,0.937
2022-04-21,40480.01,2983.58,0.7328,0.1362,106.8,0.91
2022-04-22,39709.18,2962.39,0.7179,0.1363,105.4,0.906
2022-04-23,39441.6,2933.03,0.7057,0.1339,105.1,0.886
2022-04-24,39450.13,2921.0,0.6981,0.1317,104.6,0.886
2022-04-25,40426.08,3006.62,0.6931,0.1581,104.6,0.8974
2022-04-26,38112.65,2809.67,0.642,0.1376,98.6,0.8259
2022-04-27,39235.72,2888.96,0.6522,0.14,100.5,0.8401
2022-04-28,39742.07,2936.93,0.6428,0.1375,103.3,0.8432
2022-04-29,38596.11,2817.13,0.6116,0.1349,100.4,0.8048
2022-04-30,37630.8,2726.66,0.5845,0.1274,95.8,0.7556
2022-05-01,38468.35,2824.81,0.607,0.1327,99.3,0.7895
2022-05-02,38525.16,2856.54,0.6143,0.1308,100.7,0.7809
2022-05-03,37728.95,2781.7,0.6047,0.1295,99.4,0.7711
2022-05-04,39690.0,2940.64,0.6459,0.1359,106.3,0.8985
2022-05-05,36552.97,2747.97,0.5981,0.1282,96.8,0.7884
2022-05-06,36013.77,2692.85,0.6022,0.1278,96.7,0.7832
2022-05-07,35472.39,2635.34,0.5808,0.1275,94.3,0.7604
2022-05-08,34038.4,2519.71,0.5662,0.1241,93.9,0.7403
2022-05-09,30076.31,2228.55,0.4873,0.1019,76.2,0.6019
2022-05-10,31017.1,2342.05,0.513,0.108,80.2,0.6286
2022-05-11,29103.94,2084.99,0.4172,0.0853,66.6,0.5187
2022-05-12,29029.75,1960.22,0.3856,0.0826,64.5,0.4733
2022-05-13,29287.05,2009.69,0.4228,0.0881,67.9,0.529
2022-05-14,30086.74,2056.48,0.4262,0.0894,68.9,0.5372
2022-05-15,31328.89,2145.29,0.4481,0.0932,71.6,0.5981
2022-05-16,29874.01,2023.66,0.4231,0.088,67.3,0.5569
2022-05-17,30444.93,2090.72,0.438,0.0903,73.2,0.5778
2022-05-18,28715.32,1915.11,0.4056,0.0833,66.0,0.5059
2022-05-19,30319.23,2019.55,0.4205,0.0866,72.1,0.5334
2022-05-20,29201.01,1959.08,0.4101,0.084,68.6,0.5162
2022-05-21,29445.06,1975.07,0.4145,0.0845,69.8,0.5286
2022-05-22,30293.94,2043.19,0.4218,0.0859,71.7,0.5416
2022-05-23,29109.15,1973.32,0.4052,0.0833,69.1,0.5134
2022-05-24,29654.58,1979.41,0.4086,0.0837,70.2,0.5219
2022-05-25,29542.15,1942.63,0.406,0.083,68.2,0.5146
2022-05-26,29201.35,1792.23,0.392,0.0779,63.5,0.4789
2022-05-27,28629.8,1727.27,0.3819,0.0816,61.6,0.4566
2022-05-28,29031.33,1792.22,0.3863,0.0818,63.0,0.4646
2022-05-29,29468.1,1813.64,0.3891,0.0827,63.6,0.482
2022-05-30,31734.22,1998.78,0.4187,0.088,69.1,0.5698
2022-05-31,31801.04,1941.9,0.4217,0.08591,68.4,0.6268
2022-06-01,29805.83,1817.95,0.398,0.08105,62.7,0.5516
2022-06-02,30452.62,1834.08,0.4055,0.08277,64.5,0.5871
2022-06-03,29700.21,1775.12,0.3904,0.08029,62.6,0.56
2022-06-04,29864.04,1804.58,0.3925,0.08187,63.7,0.5665
2022-06-05,29919.21,1806.23,0.3953,0.08107,63.2,0.5674
2022-06-06,31373.1,1859.84,0.4026,0.0825,64.5,0.6091
2022-06-07,31125.33,1813.33,0.4076,0.08039,63.8,0.6141
2022-06-08,30204.77,1791.88,0.4006,0.07927,61.3,0.6408
2022-06-09,30109.93,1788.81,0.4002,0.07937,60.3,0.6323
2022-06-10,29091.88,1662.91,0.3815,0.07539,56.7,0.5744
2022-06-11,28424.7,1532.89,0.3599,0.06993,52.2,0.554
2022-06-12,26574.53,1434.84,0.3433,0.06353,47.9,0.4904
2022-06-13,22487.41,1209.82,0.3118,0.0542,43.5,0.4644
2022-06-14,22136.41,1208.9,0.3214,0.05555,46.15,0.4831
2022-06-15,22583.72,1237.52,0.3436,0.06285,50.65,0.5348
2022-06-16,20401.31,1068.5,0.3132,0.05523,44.78,0.4762
2022-06-17,20468.81,1086.94,0.321,0.05689,47.6,0.4872
2022-06-18,18970.79,995.13,0.3075,0.0529,47.18,0.4549
2022-06-19,20574.0,1128.53,0.3264,0.06047,54.29,0.4848
2022-06-20,20573.89,1128.24,0.3227,0.06002,52.77,0.4915
2022-06-21,20723.52,1125.85,0.3294,0.06581,53.52,0.4813
2022-06-22,19987.99,1050.19,0.3223,0.0617,52.13,0.4594
2022-06-23,21110.13,1144.72,0.3358,0.06398,55.74,0.48
2022-06-24,21237.69,1225.02,0.3672,0.06694,55.84,0.4981
2022-06-25,21491.19,1242.36,0.3676,0.06852,58.88,0.4984
2022-06-26,21038.07,1197.79,0.3592,0.07296,56.61,0.4899
2022-06-27,20742.56,1192.51,0.3537,0.07216,55.86,0.4856
2022-06-28,20281.29,1144.05,0.3375,0.0661,52.68,0.4694
2022-06-29,20123.01,1100.21,0.3296,0.06956,53.68,0.4662
2022-06-30,19942.21,1071.01,0.3321,0.06644,53.84,0.4599
2022-07-01,19279.8,1059.73,0.3139,0.06644,51.19,0.4487
2022-07-02,19252.81,1067.01,0.3156,0.06667,50.55,0.4559
2022-07-03,19315.83,1074.26,0.3215,0.06721,50.95,0.4561
2022-07-04,20236.71,1151.0,0.3287,0.06938,52.26,0.4695
2022-07-05,20175.83,1132.5,0.3252,0.06716,49.7,0.4571
2022-07-06,20564.51,1186.57,0.3324,0.06844,50.34,0.4623
2022-07-07,21624.98,1237.49,0.3422,0.07055,52.15,0.4776
2022-07-08,21594.75,1214.04,0.3402,0.06906,51.35,0.4661
2022-07-09,21591.83,1217.02,0.3448,0.06947,54.09,0.478
2022-07-10,20862.47,1168.36,0.3255,0.06728,52.12,0.4624
2022-07-11,19963.61,1096.4,0.3152,0.06175,48.71,0.4347
2022-07-12,19328.75,1038.58,0.3116,0.05982,47.33,0.4171
2022-07-13,20234.87,1115.0,0.3237,0.06194,49.56,0.4383
2022-07-14,20588.84,1193.42,0.3338,0.06246,51.32,0.4416
2022-07-15,20830.04,1231.25,0.3342,0.06294,51.78,0.4421
2022-07-16,21195.6,1355.85,0.3505,0.06439,55.08,0.4578
2022-07-17,20798.16,1338.65,0.3433,0.06306,55.76,0.4478
2022-07-18,22432.58,1581.04,0.3653,0.06756,58.6,0.4904
2022-07-19,23396.62,1542.32,0.3729,0.06901,57.9,0.5152
2022-07-20,23223.3,1521.58,0.3635,0.07014,57.2,0.491
2022-07-21,23152.19,1575.45,0.3669,0.06998,58.02,0.4993
2022-07-22,22684.83,1535.27,0.3578,0.06743,56.09,0.4828
2022-07-23,22451.07,1548.67,0.3592,0.06804,56.32,0.517
2022-07-24,22579.68,1597.7,0.3586,0.06755,58.39,0.512
2022-07-25,21310.9,1440.79,0.3362,0.06193,54.0,0.4752
2022-07-26,21254.67,1449.12,0.3372,0.06252,53.88,0.4677
2022-07-27,22952.45,1635.74,0.3594,0.06721,59.01,0.5111
2022-07-28,23842.93,1724.52,0.3739,0.06909,63.41,0.513
2022-07-29,23773.75,1721.68,0.3679,0.06877,60.65,0.5218
2022-07-30,23643.51,1697.0,0.3879,0.06965,60.42,0.5263
2022-07-31,23293.32,1678.12,0.3792,0.06807,59.74,0.5161
2022-08-01,23268.01,1630.28,0.3791,0.06845,59.44,0.5124
2022-08-02,22987.79,1630.91,0.3714,0.06652,58.05,0.4963
2022-08-03,22818.37,1618.16,0.3695,0.06621,57.77,0.5005
2022-08-04,22622.98,1607.96,0.371,0.06725,59.65,0.4997
2022-08-05,23312.42,1736.81,0.3764,0.06981,62.47,0.5174
2022-08-06,22954.21,1690.6,0.3715,0.06863,60.83,0.5112
2022-08-07,23174.39,1700.19,0.3722,0.06897,61.1,0.5276
2022-08-08,23810.0,1777.05,0.3787,0.07011,62.61,0.5371
2022-08-09,23149.95,1702.76,0.3672,0.06904,59.16,0.5129
2022-08-10,23954.05,1853.57,0.3814,0.07126,61.59,0.5374
2022-08-11,23934.39,1880.19,0.3802,0.07084,61.84,0.5303
2022-08-12,24403.68,1958.28,0.3796,0.0723,62.88,0.5402
2022-08-13,24441.38,1983.55,0.378,0.07293,63.8,0.5593
2022-08-14,24305.24,1935.31,0.3757,0.08168,63.14,0.5695
2022-08-15,24094.82,1899.06,0.3751,0.07662,60.67,0.5499
2022-08-16,23854.74,1876.67,0.377,0.08677,61.33,0.557
2022-08-17,23342.66,1834.25,0.3795,0.08021,60.52,0.5384
2022-08-18,23191.2,1846.39,0.3704,0.07474,60.02,0.5119
2022-08-19,20834.39,1609.01,0.3344,0.06776,53.99,0.45
2022-08-20,21140.07,1576.04,0.3368,0.06933,54.1,0.4508
2022-08-21,21515.61,1618.13,0.3449,0.06932,55.67,0.4626
2022-08-22,21399.83,1624.66,0.344,0.0684,57.22,0.4615
2022-08-23,21529.12,1665.41,0.3472,0.06884,57.08,0.4658
2022-08-24,21368.08,1656.56,0.3456,0.06791,56.46,0.4578
2022-08-25,21559.04,1695.11,0.3491,0.06898,56.63,0.4645
2022-08-26,20241.05,1508.18,0.3393,0.06351,52.68,0.4316
2022-08-27,20037.6,1491.06,0.3346,0.06351,53.01,0.4499
2022-08-28,19555.61,1426.76,0.3224,0.06178,53.41,0.4293
2022-08-29,20285.73,1551.8,0.3337,0.06384,55.8,0.4504
2022-08-30,19811.66,1524.59,0.3267,0.06154,53.01,0.4531
2022-08-31,20050.02,1554.1,0.3277,0.06135,53.84,0.4462
2022-09-01,20131.46,1586.16,0.3331,0.06239,57.58,0.4575
2022-09-02,19951.86,1575.35,0.3314,0.06165,60.99,0.4543
2022-09-03,19831.9,1557.46,0.3297,0.06271,60.15,0.4803
2022-09-04,20000.3,1579.28,0.3317,0.06323,60.9,0.5035
2022-09-05,19796.84,1617.8,0.3329,0.06275,60.39,0.4984
2022-09-06,18790.61,1559.01,0.3212,0.05889,54.11,0.4625
2022-09-07,19292.84,1630.0,0.3369,0.06097,57.31,0.4787
2022-09-08,19319.77,1635.37,0.3396,0.06096,57.96,0.479
2022-09-09,21360.11,1718.23,0.3568,0.06385,61.13,0.5022
2022-09-10,21648.34,1774.12,0.3573,0.06466,63.28,0.5121
2022-09-11,21826.87,1766.11,0.3552,0.06369,62.16,0.5098
2022-09-12,22395.74,1716.37,0.3598,0.06393,61.38,0.5012
2022-09-13,20173.57,1574.4,0.3326,0.05964,59.1,0.4635
2022-09-14,20226.71,1638.39,0.3415,0.06115,60.18,0.4809
2022-09-15,19701.88,1472.75,0.3261,0.0586,56.34,0.4662
2022-09-16,19803.3,1433.9,0.3552,0.06046,55.95,0.4746
2022-09-17,20113.62,1468.83,0.3762,0.0622,57.83,0.4859
2022-09-18,19416.18,1334.51,0.3576,0.05743,52.63,0.4477
2022-09-19,19537.02,1375.98,0.3848,0.05853,52.91,0.4527
2022-09-20,18875.0,1322.93,0.414,0.05839,52.3,0.4422
2022-09-21,18461.36,1245.78,0.3936,0.05715,51.09,0.4389
2022-09-22,19401.63,1326.46,0.4862,0.05958,53.57,0.4584
2022-09-23,19289.91,1327.25,0.5069,0.06337,55.22,0.4618
2022-09-24,18920.5,1317.13,0.4878,0.0631,53.43,0.4511
2022-09-25,18807.38,1294.63,0.4917,0.06117,52.53,0.4464
2022-09-26,19227.82,1336.17,0.4683,0.06113,53.44,0.4473
2022-09-27,19079.13,1328.02,0.4457,0.06048,52.65,0.4411
2022-09-28,19412.82,1337.2,0.4489,0.06051,53.29,0.4361
2022-09-29,19591.51,1335.7,0.4877,0.06086,53.96,0.4381
2022-09-30,19422.61,1328.72,0.4799,0.06167,53.48,0.4347
2022-10-01,19310.95,1311.79,0.4754,0.06059,52.92,0.43
2022-10-02,19056.8,1276.72,0.4485,0.05927,51.82,0.4194
2022-10-03,19629.08,1323.09,0.4621,0.06034,54.17,0.4276
2022-10-04,20337.82,1361.49,0.4795,0.06584,55.28,0.4355
2022-10-05,20158.26,1352.2,0.4887,0.06478,54.63,0.4309
2022-10-06,19960.67,1352.06,0.4934,0.06345,53.53,0.4288
2022-10-07,19530.09,1331.1,0.5177,0.06235,52.83,0.424
2022-10-08,19417.96,1315.48,0.517,0.06165,52.79,0.4219
2022-10-09,19439.02,1323.13,0.5325,0.06212,53.9,0.423
2022-10-10,19131.87,1290.03,0.4939,0.05938,52.63,0.4012
2022-10-11,19060.0,1280.11,0.4861,0.06025,52.03,0.3908
2022-10-12,19155.53,1294.44,0.4881,0.05981,52.23,0.3814
2022-10-13,19375.13,1287.08,0.4791,0.05965,51.1,0.3768
2022-10-14,19176.93,1296.27,0.4883,0.05866,51.31,0.3667
2022-10-15,19069.39,1274.92,0.4818,0.05857,50.39,0.3641
2022-10-16,19262.98,1305.95,0.4766,0.05891,51.43,0.3703
2022-10-17,19549.86,1331.4,0.4804,0.05998,51.82,0.3723
2022-10-18,19327.44,1310.71,0.4658,0.05976,51.86,0.3624
2022-10-19,19123.97,1285.09,0.4504,0.05868,50.94,0.3497
2022-10-20,19041.92,1282.57,0.4465,0.05942,51.22,0.3402
2022-10-21,19164.37,1299.75,0.4614,0.05933,51.63,0.3492
2022-10-22,19204.35,1313.61,0.4653,0.05968,52.18,0.3513
2022-10-23,19570.4,1364.2,0.4688,0.06038,54.03,0.3621
2022-10-24,19329.72,1343.61,0.4529,0.05945,52.54,0.3573
2022-10-25,20080.07,1459.74,0.4605,0.06305,55.92,0.4
2022-10-26,20771.59,1566.1,0.4689,0.07265,56.39,0.403
2022-10-27,20295.11,1514.05,0.4615,0.07689,54.75,0.3884
2022-10-28,20591.84,1554.41,0.4744,0.08387,54.92,0.4044
2022-10-29,20809.67,1619.55,0.4701,0.12176,56.6,0.42
2022-10-30,20627.48,1590.44,0.4582,0.11773,55.35,0.4056
2022-10-31,20490.74,1572.69,0.4641,0.12686,55.01,0.4055
2022-11-01,20483.62,1578.48,0.4636,0.14211,55.1,0.4011
2022-11-02,20151.84,1518.34,0.4497,0.12765,60.95,0.3856
2022-11-03,20207.82,1531.01,0.4548,0.12262,61.84,0.3895
2022-11-04,21148.52,1644.78,0.5064,0.12613,67.58,0.4216
2022-11-05,21299.37,1626.98,0.493,0.12445,69.23,0.4264
2022-11-06,20905.58,1568.29,0.4709,0.11477,68.26,0.4021
2022-11-07,20591.13,1568.1,0.4648,0.11123,67.42,0.4041
2022-11-08,18547.23,1334.77,0.4059,0.08827,57.82,0.3722
2022-11-09,15922.81,1102.73,0.3331,0.0745,50.68,0.3175
2022-11-10,17601.15,1299.28,0.3942,0.08978,60.56,0.3687
2022-11-11,17070.31,1289.28,0.3843,0.08509,61.49,0.3556
2022-11-12,16812.08,1257.25,0.3636,0.08815,59.94,0.3397
2022-11-13,16329.85,1221.49,0.3408,0.08495,57.37,0.3298
2022-11-14,16619.46,1243.28,0.3776,0.08595,56.7,0.3323
2022-11-15,16900.57,1253.23,0.3888,0.08706,58.01,0.3373
2022-11-16,16662.76,1216.17,0.3752,0.08548,57.49,0.332
2022-11-17,16692.56,1200.43,0.3819,0.08467,62.59,0.325
2022-11-18,16700.45,1212.58,0.3829,0.08474,62.62,0.326
2022-11-19,16700.68,1217.67,0.3841,0.08455,63.98,0.328
2022-11-20,16280.23,1142.21,0.3608,0.07703,62.12,0.312
2022-11-21,15781.29,1107.34,0.3645,0.07466,61.31,0.3046
2022-11-22,16226.94,1139.6,0.3757,0.07876,70.66,0.3126
2022-11-23,16603.11,1184.52,0.3815,0.08197,79.02,0.3185
2022-11-24,16598.95,1203.73,0.4018,0.08146,78.66,0.3163
2022-11-25,16522.14,1199.3,0.4078,0.0895,74.1,0.3146
2022-11-26,16458.57,1205.6,0.396,0.08893,76.47,0.3138
2022-11-27,16428.78,1193.88,0.3962,0.09868,74.92,0.3126
2022-11-28,16212.91,1167.77,0.3888,0.09513,73.97,0.3066
2022-11-29,16442.53,1216.49,0.3981,0.10146,75.8,0.3092
2022-11-30,17163.64,1294.46,0.4078,0.10677,79.16,0.3187
2022-12-01,16977.37,1276.41,0.3969,0.10175,77.57,0.3145
2022-12-02,17092.74,1295.59,0.3961,0.1021,77.94,0.3191
2022-12-03,16885.2,1240.51,0.3873,0.0997,76.47,0.3196
2022-12-04,17105.7,1279.41,0.3895,0.10406,77.07,0.3221
2022-12-05,16966.35,1259.41,0.3893,0.10149,80.19,0.3193
2022-12-06,17088.96,1271.32,0.3914,0.10019,79.88,0.3183
2022-12-07,16836.64,1231.18,0.3835,0.09575,76.89,0.3102
2022-12-08,17224.1,1280.18,0.3941,0.09847,78.27,0.3145
2022-12-09,17128.56,1263.1,0.3889,0.0967,76.31,0.3118
2022-12-10,17127.49,1266.35,0.3865,0.09632,76.36,0.3126
2022-12-11,17085.05,1263.01,0.3809,0.09266,76.5,0.3074
2022-12-12,17209.83,1275.4,0.3874,0.09029,76.23,0.3069
2022-12-13,17774.7,1320.69,0.3952,0.09105,77.39,0.3142
2022-12-14,17803.15,1307.44,0.3853,0.08824,75.3,0.3079
2022-12-15,17356.34,1266.54,0.378,0.08485,72.42,0.3003
2022-12-16,16632.12,1166.83,0.3511,0.07569,66.25,0.2632
2022-12-17,16776.52,1187.16,0.3545,0.07919,64.89,0.2672
2022-12-18,16738.21,1183.06,0.3499,0.07847,64.37,0.2659
2022-12-19,16438.88,1167.82,0.3389,0.07133,63.37,0.2529
2022-12-20,16895.56,1216.94,0.3482,0.07483,65.55,0.2587
2022-12-21,16824.67,1213.78,0.3449,0.07374,65.4,0.2534
2022-12-22,16821.43,1217.71,0.3492,0.07685,66.21,0.2566
2022-12-23,16778.5,1219.99,0.3543,0.07721,65.75,0.2594
2022-12-24,16836.12,1220.41,0.3517,0.07752,65.76,0.2592
2022-12-25,16832.11,1218.51,0.3457,0.07598,69.15,0.2591
2022-12-26,16919.39,1228.11,0.3658,0.07568,70.78,0.2652
2022-12-27,16706.36,1211.55,0.3675,0.07372,68.67,0.2603
2022-12-28,16547.31,1190.15,0.3558,0.0704,66.32,0.2482
2022-12-29,16633.47,1200.49,0.3421,0.07094,66.66,0.244
2022-12-30,16607.48,1199.99,0.3451,0.0684,67.94,0.2458
2022-12-31,16542.4,1196.13,0.3389,0.07025,70.14,0.2458
2023-01-01,16616.75,1200.34,0.3387,0.07024,70.91,0.2499
2023-01-02,16672.87,1214.0,0.3482,0.0714,74.74,0.2538
2023-01-03,16675.18,1214.55,0.3436,0.07049,75.57,0.2529
2023-01-04,16850.36,1256.9,0.3472,0.07311,75.46,0.2678
2023-01-05,16831.85,1251.24,0.338,0.07152,74.25,0.2692
2023-01-06,16950.65,1269.14,0.3443,0.07241,75.91,0.2786
2023-01-07,16943.57,1264.07,0.3442,0.07219,76.4,0.2768
2023-01-08,17127.83,1290.16,0.3452,0.07363,78.68,0.2974
2023-01-09,17178.26,1320.39,0.349,0.07566,81.62,0.3168
2023-01-10,17440.66,1335.62,0.3507,0.07782,80.83,0.3222
2023-01-11,17943.26,1389.39,0.3728,0.07814,84.08,0.323
2023-01-12,18846.62,1415.92,0.3748,0.08025,86.09,0.3293
2023-01-13,19930.01,1451.2,0.3858,0.0845,86.23,0.3456
2023-01-14,20954.92,1549.9,0.3953,0.08729,87.84,0.3525
2023-01-15,20871.5,1552.52,0.3845,0.08608,87.37,0.3507
2023-01-16,21185.65,1576.94,0.3855,0.08368,85.91,0.3504
2023-01-17,21134.81,1565.57,0.3868,0.08285,87.02,0.3455
2023-01-18,20677.47,1511.43,0.3782,0.08,82.62,0.3264
2023-01-19,21071.59,1551.09,0.3928,0.08161,84.21,0.3379
2023-01-20,22667.21,1658.52,0.4129,0.08617,90.28,0.3652
2023-01-21,22783.55,1626.66,0.4034,0.08467,87.91,0.3687
2023-01-22,22707.88,1627.44,0.4004,0.08824,87.58,0.3764
2023-01-23,22916.45,1626.29,0.4234,0.08851,89.9,0.375
2023-01-24,22632.89,1555.97,0.4078,0.08392,87.19,0.3587
2023-01-25,23060.94,1611.94,0.417,0.08654,89.38,0.3732
2023-01-26,23009.65,1601.09,0.4092,0.08633,87.52,0.3796
2023-01-27,23074.16,1597.62,0.4128,0.08723,88.89,0.3898
2023-01-28,23022.6,1572.1,0.4078,0.08773,89.67,0.3819
2023-01-29,23742.3,1644.72,0.4134,0.09009,94.84,0.3975
2023-01-30,22826.15,1566.2,0.3934,0.08837,91.37,0.3725
2023-01-31,23125.13,1585.33,0.4057,0.09612,94.09,0.3902
2023-02-01,23732.66,1641.68,0.4131,0.09403,100.33,0.397
2023-02-02,23488.94,1643.12,0.4098,0.09099,98.64,0.3981
2023-02-03,23431.9,1663.52,0.4117,0.09293,99.86,0.4038
2023-02-04,23326.84,1666.38,0.4106,0.09567,98.51,0.3994
2023-02-05,22932.91,1629.02,0.3984,0.09203,96.63,0.3923
2023-02-06,22762.52,1614.29,0.392,0.08955,95.93,0.3823
2023-02-07,23240.46,1671.03,0.4036,0.09253,100.86,0.3989
2023-02-08,22963.0,1650.43,0.3975,0.09018,99.22,0.3942
2023-02-09,21796.35,1545.35,0.3819,0.08144,92.05,0.3622
2023-02-10,21625.19,1513.06,0.3817,0.08089,93.34,0.3581
2023-02-11,21862.55,1538.51,0.3833,0.08225,94.28,0.3684
2023-02-12,21783.54,1514.83,0.3747,0.08215,92.51,0.3641
2023-02-13,21773.97,1505.24,0.3703,0.08209,91.05,0.3593
2023-02-14,22199.84,1555.71,0.3819,0.0836,95.82,0.3867
2023-02-15,24324.05,1674.92,0.4011,0.08928,102.82,0.419
2023-02-16,23517.72,1637.84,0.3841,0.08489,98.55,0.3874
2023-02-17,24569.97,1693.87,0.395,0.08771,100.12,0.4033
2023-02-18,24631.95,1691.62,0.3943,0.08882,99.71,0.406
2023-02-19,24271.76,1679.75,0.3863,0.08697,97.43,0.3995
2023-02-20,24842.2,1703.27,0.3984,0.08829,95.9,0.4038
2023-02-21,24452.16,1659.76,0.3919,0.08546,93.8,0.3925
2023-02-22,24182.21,1643.14,0.3953,0.0855,95.28,0.3888
2023-02-23,23940.2,1650.53,0.3882,0.08425,94.59,0.3824
2023-02-24,23185.29,1607.8,0.3783,0.08092,91.55,0.3658
2023-02-25,23157.07,1594.58,0.3778,0.08075,93.15,0.362
2023-02-26,23554.85,1641.36,0.3779,0.08216,95.27,0.3691
2023-02-27,23492.09,1633.45,0.3785,0.08136,94.07,0.3647
2023-02-28,23141.57,1605.23,0.3762,0.08085,93.8,0.3517
2023-03-01,23628.97,1665.22,0.3835,0.08193,97.78,0.3601
2023-03-02,23465.32,1647.86,0.3772,0.08056,95.39,0.3504
2023-03-03,22354.34,1569.45,0.3774,0.07684,90.56,0.3431
2023-03-04,22346.57,1566.73,0.3735,0.07462,89.34,0.3366
2023-03-05,22430.24,1564.58,0.3668,0.07474,89.93,0.337
2023-03-06,22410.0,1565.84,0.3695,0.07479,87.36,0.3305
2023-03-07,22197.96,1561.96,0.3801,0.07407,86.29,0.3306
2023-03-08,21705.44,1532.38,0.3889,0.07112,82.76,0.3175
2023-03-09,20362.22,1437.32,0.3706,0.06595,76.68,0.3101
2023-03-10,20150.69,1426.44,0.37,0.06572,71.37,0.3149
2023-03-11,20455.73,1471.97,0.3638,0.06604,69.21,0.3051
2023-03-12,21997.11,1580.33,0.3714,0.07051,76.26,0.3298
2023-03-13,24113.48,1673.45,0.3724,0.07279,81.46,0.3433
2023-03-14,24670.41,1699.4,0.3724,0.07456,83.94,0.3429
2023-03-15,24285.66,1649.96,0.3589,0.06963,76.43,0.3241
2023-03-16,24998.78,1673.73,0.3647,0.07256,78.86,0.3249
2023-03-17,27395.13,1789.27,0.3798,0.07642,85.51,0.3494
2023-03-18,26907.49,1758.84,0.3739,0.07295,83.02,0.3371
2023-03-19,27972.87,1780.68,0.3857,0.0745,83.98,0.3448
2023-03-20,27717.01,1732.78,0.3734,0.07137,78.05,0.3321
2023-03-21,28105.47,1801.23,0.4696,0.0766,82.48,0.3696
2023-03-22,27250.97,1734.33,0.4213,0.07385,87.27,0.3596
2023-03-23,28295.41,1813.79,0.4438,0.07736,93.61,0.3715
2023-03-24,27454.47,1749.57,0.4259,0.07453,93.58,0.3596
2023-03-25,27462.95,1741.88,0.4429,0.07402,91.5,0.3514
2023-03-26,27968.05,1773.88,0.4479,0.07436,93.32,0.3557
2023-03-27,27124.91,1715.22,0.479,0.07287,89.23,0.3455
2023-03-28,27261.07,1772.99,0.5144,0.07381,89.13,0.3681
2023-03-29,28348.6,1793.07,0.5425,0.07557,91.31,0.3811
2023-03-30,28028.53,1793.61,0.5319,0.07422,89.06,0.3761
2023-03-31,28465.36,1821.52,0.5374,0.07695,89.57,0.3989
2023-04-01,28452.73,1820.79,0.5095,0.08181,92.57,0.3919
2023-04-02,28171.87,1794.51,0.518,0.07903,92.77,0.3815
2023-04-03,27800.0,1810.51,0.4959,0.096,92.97,0.3872
2023-04-04,28165.47,1870.37,0.5026,0.09512,92.58,0.3894
2023-04-05,28170.01,1908.69,0.5055,0.09267,92.64,0.3923
2023-04-06,28033.82,1872.41,0.5028,0.08541,90.97,0.3829
2023-04-07,27906.33,1863.72,0.5126,0.08222,90.6,0.3835
2023-04-08,27938.38,1848.82,0.5048,0.08134,89.91,0.3853
2023-04-09,28323.76,1858.92,0.5054,0.08318,90.58,0.3894
2023-04-10,29637.34,1910.2,0.5176,0.08473,93.78,0.3971
2023-04-11,30200.42,1889.86,0.5167,0.08408,94.22,0.4014
2023-04-12,29888.07,1917.39,0.5049,0.08346,92.06,0.4047
2023-04-13,30373.84,2012.01,0.5125,0.08729,94.17,0.4251
2023-04-14,30466.93,2099.99,0.5227,0.08866,96.33,0.4381
2023-04-15,30295.09,2090.6,0.5192,0.08888,96.68,0.4522
2023-04-16,30304.65,2118.67,0.5209,0.09043,100.01,0.4513
2023-04-17,29430.27,2074.0,0.5109,0.09137,98.84,0.4341
2023-04-18,30380.01,2103.5,0.5324,0.09411,101.95,0.4435
2023-04-19,28797.1,1933.73,0.4911,0.08788,90.47,0.4163
2023-04-20,28243.65,1942.98,0.4752,0.08389,90.22,0.4007
2023-04-21,27262.84,1848.78,0.4491,0.07842,85.32,0.3824
2023-04-22,27816.85,1874.16,0.4719,0.08028,87.0,0.3956
2023-04-23,27590.6,1862.0,0.4647,0.07878,86.75,0.3886
2023-04-24,27510.93,1841.84,0.4611,0.07873,88.31,0.3835
2023-04-25,28300.79,1866.1,0.4695,0.07976,91.03,0.3945
2023-04-26,28415.29,1866.01,0.4618,0.07859,88.13,0.4014
2023-04-27,29472.77,1908.68,0.4667,0.08014,89.73,0.4101
2023-04-28,29311.7,1890.94,0.4796,0.08033,89.63,0.4043
2023-04-29,29230.45,1907.8,0.478,0.08157,91.08,0.4024
2023-04-30,29233.21,1870.09,0.4705,0.07951,88.22,0.3956
2023-05-01,28068.26,1830.73,0.4649,0.07882,86.75,0.3868
2023-05-02,28669.86,1870.08,0.4645,0.07876,88.2,0.3916
2023-05-03,29026.16,1905.12,0.4632,0.07962,88.88,0.394
2023-05-04,28838.16,1877.07,0.4608,0.07838,88.38,0.3873
2023-05-05,29505.61,1993.3,0.4671,0.08017,88.61,0.3942
2023-05-06,28848.2,1896.33,0.4582,0.07672,83.26,0.3787
2023-05-07,28430.1,1870.4,0.449,0.07652,83.42,0.376
2023-05-08,27668.79,1847.56,0.4283,0.07239,77.71,0.3653
2023-05-09,27628.27,1846.52,0.4289,0.0731,79.9,0.3633
2023-05-10,27598.75,1840.84,0.4303,0.07312,80.93,0.3693
2023-05-11,26968.62,1794.3,0.4207,0.07193,80.88,0.3598
2023-05-12,26795.01,1807.45,0.4305,0.07235,80.45,0.3705
2023-05-13,26775.28,1795.11,0.424,0.07167,80.26,0.3646
2023-05-14,26917.62,1799.21,0.4253,0.07196,83.5,0.3711
2023-05-15,27162.14,1816.2,0.4273,0.07191,86.89,0.3669
2023-05-16,27033.84,1824.21,0.4425,0.07275,89.99,0.3682
2023-05-17,27405.61,1822.12,0.4484,0.07483,93.88,0.3755
2023-05-18,26821.28,1800.56,0.4596,0.07344,90.43,0.3714
2023-05-19,26880.26,1812.32,0.4675,0.0735,91.8,0.3681
2023-05-20,27102.43,1819.42,0.4685,0.07361,92.42,0.3662
2023-05-21,26747.78,1804.91,0.4575,0.07212,92.18,0.3602
2023-05-22,26849.27,1817.35,0.4618,0.07291,90.83,0.3679
2023-05-23,27219.61,1854.05,0.4651,0.07289,91.7,0.3704
2023-05-24,26329.01,1799.89,0.453,0.07064,85.82,0.3638
2023-05-25,26473.79,1805.6,0.4538,0.07088,86.57,0.3581
2023-05-26,26705.92,1827.79,0.4684,0.07097,87.08,0.3626
2023-05-27,26854.27,1829.89,0.4714,0.07255,88.55,0.3667
2023-05-28,28065.0,1908.64,0.482,0.07352,91.45,0.3828
2023-05-29,27736.4,1892.6,0.4946,0.07313,90.86,0.3786
2023-05-30,27694.4,1900.59,0.5205,0.07231,92.25,0.3779
2023-05-31,27210.35,1873.63,0.5166,0.07165,90.42,0.3744
2023-06-01,26817.93,1861.78,0.5065,0.07142,94.19,0.3644
2023-06-02,27242.59,1906.68,0.5244,0.07256,95.45,0.3782
2023-06-03,27069.22,1892.06,0.5188,0.0727,96.03,0.3759
2023-06-04,27115.21,1890.01,0.5359,0.07249,94.19,0.3773
2023-06-05,25728.2,1810.5,0.509,0.0664,87.71,0.3514
2023-06-06,27230.08,1884.64,0.53,0.07025,90.92,0.3531
2023-06-07,26339.34,1832.13,0.5183,0.06728,88.85,0.3223
2023-06-08,26498.61,1845.64,0.5236,0.06796,88.5,0.3228
2023-06-09,26477.81,1840.37,0.538,0.06947,89.3,0.2951
2023-06-10,25841.21,1751.53,0.5067,0.06175,77.13,0.2747
2023-06-11,25925.55,1752.76,0.5208,0.06151,77.68,0.272
2023-06-12,25905.19,1742.57,0.5251,0.06143,77.5,0.2748
2023-06-13,25934.25,1740.12,0.5192,0.06175,77.5,0.2752
2023-06-14,25128.6,1650.95,0.4801,0.06038,73.15,0.2633
2023-06-15,25598.49,1666.96,0.4801,0.06153,74.6,0.262
2023-06-16,26345.0,1717.92,0.4759,0.06219,76.13,0.2632
2023-06-17,26516.99,1727.76,0.4794,0.0622,76.86,0.2667
2023-06-18,26339.97,1720.95,0.4868,0.06212,77.19,0.261
2023-06-19,26844.35,1737.11,0.4936,0.06245,77.48,0.2634
2023-06-20,28307.99,1791.99,0.4929,0.06313,80.33,0.2705
2023-06-21,29993.89,1889.11,0.4999,0.06561,85.05,0.2862
2023-06-22,29884.92,1872.01,0.4938,0.06555,85.93,0.2899
2023-06-23,30688.5,1892.63,0.4961,0.06823,91.26,0.2966
2023-06-24,30527.43,1874.96,0.4865,0.06669,89.71,0.2892
2023-06-25,30462.66,1898.8,0.4903,0.06672,88.2,0.2921
2023-06-26,30267.99,1858.97,0.479,0.06474,87.21,0.2805
2023-06-27,30692.44,1889.58,0.4838,0.06556,88.07,0.2867
2023-06-28,30077.41,1828.02,0.4647,0.06257,83.02,0.2669
2023-06-29,30447.31,1851.99,0.4747,0.06342,84.73,0.2752
2023-06-30,30472.0,1933.79,0.4729,0.06646,108.7,0.2869
2023-07-01,30585.9,1924.5,0.4732,0.06851,107.1,0.2924
2023-07-02,30450.55,1917.29,0.4823,0.06782,111.45,0.2892
