Date,Opening Price,High Price,Low Price,Closing Price,Trading Volume
2022-02-14,125.56,126.96,121.3,124.5,1552853.265
2022-02-15,124.5,132.48,123.87,131.57,1570380.034
2022-02-16,131.57,131.77,125.36,127.63,1344257.86
2022-02-17,127.63,128.89,114.68,116.25,2022965.972
2022-02-18,116.26,123.45,114.05,114.72,2946211.57
2022-02-19,114.72,117.11,112.87,115.5,1335319.578
2022-02-20,115.49,115.67,108.31,110.53,1645725.125
2022-02-21,110.55,114.48,101.85,102.67,2684981.478
2022-02-22,102.64,107.83,100.1,107.41,2227892.545
2022-02-23,107.4,111.4,104.77,105.29,1717388.713
2022-02-24,105.29,108.32,91.32,104.1,4899464.648
2022-02-25,104.11,110.64,101.51,109.17,2192266.699
2022-02-26,109.17,116.97,106.46,108.17,1782336.606
2022-02-27,108.14,110.07,101.02,102.89,1799839.737
2022-02-28,102.91,113.85,100.97,113.62,2340783.986
2022-03-01,113.61,116.0,109.76,112.57,2367165.689
2022-03-02,112.57,114.64,109.01,110.26,2085527.619
2022-03-03,110.25,112.99,107.7,111.6,2322937.427
2022-03-04,111.6,112.58,98.88,100.91,2474410.131
2022-03-05,100.9,105.24,99.22,104.79,1481423.892
2022-03-06,104.78,105.82,100.53,101.02,1423048.838
2022-03-07,101.02,103.84,96.11,98.25,2075023.345
2022-03-08,98.24,102.4,97.65,100.61,1773870.613
2022-03-09,100.63,109.27,100.31,106.83,1812307.484
2022-03-10,106.83,106.98,99.4,102.46,1967479.973
2022-03-11,102.47,106.89,99.58,104.39,1981125.332
2022-03-12,104.39,107.89,104.38,105.47,1253203.157
2022-03-13,105.47,107.36,100.86,101.6,1301227.016
2022-03-14,101.59,106.33,100.75,105.5,1713271.625
2022-03-15,105.5,108.59,102.35,106.81,1710569.282
2022-03-16,106.81,112.25,105.57,111.2,2065232.455
2022-03-17,111.19,111.58,108.5,110.17,1090522.76
2022-03-18,110.17,112.94,107.66,111.87,1162696.346
2022-03-19,111.87,117.2,111.3,116.61,1440070.768
2022-03-20,116.62,118.43,111.18,114.78,1853181.04
2022-03-21,114.79,116.76,113.04,116.0,1587607.178
2022-03-22,116.01,123.64,115.48,122.69,2488190.257
2022-03-23,122.69,124.44,118.51,122.37,1890286.887
2022-03-24,122.37,127.68,119.94,126.45,2028478.278
2022-03-25,126.47,127.22,121.46,123.85,1758090.086
2022-03-26,123.86,125.49,121.84,124.72,986296.288
2022-03-27,124.71,129.78,123.15,129.56,1439933.788
2022-03-28,129.56,132.63,126.51,127.42,1857206.513
2022-03-29,127.47,131.97,126.99,130.0,1577403.267
2022-03-30,130.0,134.13,125.34,131.07,1868050.29
2022-03-31,131.07,132.87,120.57,123.87,2752620.263
2022-04-01,123.85,126.38,119.0,124.85,1666036.811
2022-04-02,124.84,128.35,123.51,124.83,1437429.463
2022-04-03,124.83,129.54,123.57,128.77,1226839.696
2022-04-04,128.74,128.9,121.05,124.7,1636400.519
2022-04-05,124.7,127.34,122.43,122.69,1291501.187
2022-04-06,122.7,123.12,111.14,111.59,2437044.55
2022-04-07,111.59,114.93,110.0,113.99,1421123.84
2022-04-08,113.99,115.21,109.46,110.6,1761163.274
2022-04-09,110.6,112.89,109.88,112.62,857049.914
2022-04-10,112.62,114.39,109.92,110.23,997409.516
2022-04-11,110.23,110.56,101.72,102.42,2234206.483
2022-04-12,102.42,105.68,101.6,104.78,1516942.976
2022-04-13,104.77,110.74,103.8,110.47,2270216.917
2022-04-14,110.46,112.3,105.89,107.32,1528813.962
2022-04-15,107.32,112.86,106.95,110.85,1828050.883
2022-04-16,110.86,114.77,110.07,114.31,1462836.934
2022-04-17,114.3,115.1,108.15,108.69,1754274.889
2022-04-18,108.69,111.48,105.16,111.19,1901813.157
2022-04-19,111.19,114.13,110.56,113.77,1368840.361
2022-04-20,113.77,114.15,110.61,111.81,1526710.806
2022-04-21,111.82,114.5,105.26,106.61,1873957.416
2022-04-22,106.59,108.64,104.63,105.3,1678596.759
2022-04-23,105.31,107.17,104.23,105.12,979583.008
2022-04-24,105.11,105.86,103.43,104.43,996620.316
2022-04-25,104.43,104.89,98.06,104.49,2688717.78
2022-04-26,104.5,105.36,96.11,98.51,2050867.021
2022-04-27,98.5,101.93,97.61,100.54,1606060.463
2022-04-28,100.54,104.37,99.6,103.25,2060907.292
2022-04-29,103.26,104.37,98.23,100.32,1703566.081
2022-04-30,100.33,101.58,93.7,95.72,1546187.911
2022-05-01,95.72,100.0,94.3,99.18,1615905.35
2022-05-02,99.18,101.88,98.22,100.62,1587084.622
2022-05-03,100.61,101.38,97.34,99.3,1418151.744
2022-05-04,99.29,107.16,98.94,106.22,1960093.772
2022-05-05,106.22,106.83,94.66,96.81,2368764.324
2022-05-06,96.8,98.37,92.43,96.65,2076806.38
2022-05-07,96.65,97.4,92.5,94.23,1407474.786
2022-05-08,94.22,95.74,91.34,93.84,1923612.832
2022-05-09,93.85,94.9,74.97,76.05,4847336.431
2022-05-10,76.07,84.95,73.06,80.13,5381381.799
2022-05-11,80.12,82.77,64.0,66.57,6744274.322
2022-05-12,66.56,69.87,54.28,64.38,7416759.629
2022-05-13,64.38,73.2,63.12,67.84,3546499.917
2022-05-14,67.83,70.26,64.1,68.83,2069488.765
2022-05-15,68.83,71.72,65.9,71.49,1806665.452
2022-05-16,71.49,71.58,64.87,67.16,2176088.146
2022-05-17,67.17,73.86,66.91,73.06,3051767.946
2022-05-18,73.05,74.31,65.68,65.93,3170699.815
2022-05-19,65.92,72.66,64.56,72.1,2843978.877
2022-05-20,72.1,73.38,66.71,68.53,3400637.278
2022-05-21,68.52,70.66,67.76,69.8,1500347.352
2022-05-22,69.8,72.5,69.33,71.64,1474646.013
2022-05-23,71.63,73.95,68.25,69.01,3084434.424
2022-05-24,69.02,70.84,67.02,70.23,2353626.167
2022-05-25,70.23,71.67,67.78,68.18,2005832.937
2022-05-26,68.18,68.78,60.31,63.35,3630846.408
2022-05-27,63.34,64.07,60.88,61.55,3367714.743
2022-05-28,61.55,63.99,61.22,63.0,1729379.947
2022-05-29,63.01,64.38,61.81,63.61,1702266.383
2022-05-30,63.61,69.81,63.22,69.09,2315909.337
2022-05-31,69.05,69.75,66.67,68.36,1954175.399
2022-06-01,68.38,70.62,61.62,62.66,2875003.839
2022-06-02,62.67,64.73,62.01,64.39,1654847.188
2022-06-03,64.38,64.86,61.32,62.58,1626131.516
2022-06-04,62.57,64.34,61.18,63.71,1058535.805
2022-06-05,63.7,63.88,61.63,63.1,1213600.49
2022-06-06,63.1,66.52,62.86,64.4,1830696.557
2022-06-07,64.4,65.46,60.06,63.78,2413493.559
2022-06-08,63.79,64.46,61.0,61.34,2497900.526
2022-06-09,61.34,62.37,59.11,60.17,2006614.71
2022-06-10,60.18,60.38,55.5,56.63,2862894.962
2022-06-11,56.62,57.75,51.6,52.14,3503364.535
2022-06-12,52.14,52.6,47.23,47.88,3788279.747
2022-06-13,47.89,48.27,40.95,43.44,8576318.44
2022-06-14,43.43,46.49,40.29,46.13,5498378.004
2022-06-15,46.13,50.97,41.59,50.63,5890377.723
2022-06-16,50.64,51.2,43.92,44.76,4069951.324
2022-06-17,44.76,48.37,44.38,47.56,3579218.803
2022-06-18,47.56,48.32,41.45,47.11,5551453.632
2022-06-19,47.13,56.41,44.86,54.26,9935387.099
2022-06-20,54.27,54.78,51.27,52.73,5803518.359
2022-06-21,52.72,55.66,51.81,53.5,3942245.741
2022-06-22,53.51,53.52,50.38,52.11,3146375.387
2022-06-23,52.11,56.78,51.84,55.71,3821521.487
2022-06-24,55.7,57.34,54.3,55.8,2952657.86
2022-06-25,55.79,59.77,54.53,58.87,3076274.832
2022-06-26,58.86,60.5,56.52,56.56,3017562.011
2022-06-27,56.56,58.58,54.73,55.86,2424053.088
2022-06-28,55.86,57.0,52.5,52.67,2808195.743
2022-06-29,52.67,54.42,51.31,53.65,3055555.155
2022-06-30,53.64,54.0,50.06,53.8,3665835.745
2022-07-01,53.8,56.47,50.0,51.16,3908016.105
2022-07-02,51.16,51.63,49.71,50.51,2171223.962
2022-07-03,50.51,52.15,49.07,50.92,2257124.374
2022-07-04,50.91,52.39,49.65,52.23,2119633.881
2022-07-05,52.22,52.46,47.86,49.67,3552572.499
2022-07-06,49.66,51.2,48.9,50.32,2537559.435
2022-07-07,50.32,52.62,49.75,52.13,2386270.467
2022-07-08,52.13,53.96,50.74,51.3,3112668.641
2022-07-09,51.29,54.83,51.28,54.05,2057805.669
2022-07-10,54.05,55.03,50.6,52.09,5092713.314
2022-07-11,52.08,52.23,48.2,48.65,2512696.644
2022-07-12,48.65,49.31,47.21,47.28,2215169.688
2022-07-13,47.27,49.71,46.2,49.5,3039764.37
2022-07-14,49.5,51.74,47.92,51.29,2288760.327
2022-07-15,51.29,52.73,50.61,51.75,2310897.713
2022-07-16,51.74,55.55,51.03,55.06,2240584.761
2022-07-17,55.05,57.0,54.32,55.75,2630545.485
2022-07-18,55.73,59.31,55.2,58.55,3281973.972
2022-07-19,58.55,59.61,55.78,57.87,3170115.729
2022-07-20,57.88,61.73,56.34,57.16,4377649.106
2022-07-21,57.16,58.63,55.11,57.99,2756413.968
2022-07-22,57.99,59.18,55.46,56.05,2251053.912
2022-07-23,56.05,57.22,54.44,56.28,1684419.224
2022-07-24,56.28,59.8,56.26,58.33,2274475.198
2022-07-25,58.34,58.99,53.83,53.93,2621784.589
2022-07-26,53.93,54.12,51.9,53.84,2239831.94
2022-07-27,53.84,59.09,52.96,58.98,2664811.609
2022-07-28,58.99,64.31,57.9,63.4,3478355.368
2022-07-29,63.39,64.59,59.69,60.61,3094428.682
2022-07-30,60.62,64.06,59.86,60.4,2781657.071
2022-07-31,60.42,63.02,59.48,59.71,1957662.935
2022-08-01,59.7,60.71,58.21,59.43,1992756.329
2022-08-02,59.43,59.83,56.57,58.04,2235067.153
2022-08-03,58.04,60.11,56.66,57.7,1994815.949
2022-08-04,57.7,60.79,57.53,59.61,2276900.619
2022-08-05,59.61,62.59,59.57,62.45,2330785.249
2022-08-06,62.46,62.59,60.46,60.8,1194201.608
2022-08-07,60.8,62.0,59.78,61.06,1449702.058
2022-08-08,61.07,64.13,60.76,62.57,1999807.46
2022-08-09,62.57,62.83,58.14,59.11,2150419.735
2022-08-10,59.11,62.29,57.39,61.57,2617981.846
2022-08-11,61.57,63.45,61.44,61.82,2243474.564
2022-08-12,61.82,63.05,60.59,62.84,1771684.037
2022-08-13,62.85,65.65,62.6,63.76,2472203.665
2022-08-14,63.76,65.81,62.29,63.09,2913511.301
2022-08-15,63.1,65.29,59.55,60.62,3319954.169
2022-08-16,60.61,61.73,59.93,61.28,2608820.105
2022-08-17,61.28,64.72,59.6,60.49,4253926.902
2022-08-18,60.49,61.67,59.26,59.98,2443738.987
2022-08-19,59.98,60.14,53.19,53.95,4520589.512
2022-08-20,53.95,55.58,52.59,54.07,3177292.731
2022-08-21,54.06,55.96,53.76,55.62,2363332.743
2022-08-22,55.62,57.44,52.24,57.19,5230354.087
2022-08-23,57.19,57.74,53.87,57.05,3506971.428
2022-08-24,57.05,57.66,55.5,56.41,2715583.744
2022-08-25,56.41,57.52,55.74,56.6,2235129.753
2022-08-26,56.59,58.3,52.0,52.64,4218914.91
2022-08-27,52.64,53.45,51.61,52.96,2217549.77
2022-08-28,52.96,55.99,52.44,53.38,4099695.283
2022-08-29,53.37,56.68,52.45,55.75,4915480.45
2022-08-30,55.74,56.22,51.76,52.97,3791530.567
2022-08-31,52.98,55.22,52.97,53.8,2975051.833
2022-09-01,53.81,57.77,53.15,57.55,5770271.695
2022-09-02,57.54,62.45,56.45,60.96,7741188.209
2022-09-03,60.96,62.21,59.46,60.11,6556436.041
2022-09-04,60.1,60.96,58.57,60.86,4066506.213
2022-09-05,60.86,61.59,59.22,60.36,4305270.457
2022-09-06,60.37,62.71,53.95,54.09,7211969.836
2022-09-07,54.07,58.25,52.88,57.29,4478421.937
2022-09-08,57.29,58.61,56.01,57.93,3720068.24
2022-09-09,57.93,61.95,57.66,61.09,3538263.805
2022-09-10,61.1,64.7,60.52,63.26,3975728.656
2022-09-11,63.26,64.44,61.26,62.12,2567889.544
2022-09-12,62.13,63.2,60.01,61.35,3217453.592
2022-09-13,61.36,67.48,58.28,59.04,8993566.576
2022-09-14,59.04,61.14,58.0,60.15,3936096.95
2022-09-15,60.14,60.79,55.78,56.31,4400822.412
2022-09-16,56.31,56.89,54.54,55.91,3529358.852
2022-09-17,55.91,58.39,55.77,57.79,2092183.639
2022-09-18,57.79,57.82,51.98,52.6,2996061.101
2022-09-19,52.61,53.7,49.96,52.84,4145509.493
2022-09-20,52.83,53.8,50.8,52.29,4119870.364
2022-09-21,52.29,55.5,50.2,51.02,5929951.368
2022-09-22,51.01,54.07,50.56,53.52,3042835.167
2022-09-23,53.52,55.31,51.31,55.2,4657983.307
2022-09-24,55.21,55.94,53.13,53.37,2848126.896
2022-09-25,53.37,54.39,52.19,52.49,2202098.1
2022-09-26,52.48,53.7,51.83,53.4,3014250.521
2022-09-27,53.4,55.61,51.76,52.6,3924412.288
2022-09-28,52.61,53.81,50.89,53.25,3353687.544
2022-09-29,53.25,54.15,52.2,53.92,3007717.312
2022-09-30,53.93,55.08,52.82,53.46,2785032.16
2022-10-01,53.45,53.81,52.42,52.87,1474595.973
2022-10-02,52.87,53.41,51.63,51.77,1799231.377
2022-10-03,51.77,54.32,51.42,54.13,2541281.72
2022-10-04,54.13,55.72,53.84,55.24,2510738.19
2022-10-05,55.24,55.27,53.25,54.59,2684738.403
2022-10-06,54.59,55.03,53.3,53.52,2448851.631
2022-10-07,53.51,53.81,52.25,52.82,2362990.425
2022-10-08,52.82,53.53,52.37,52.76,1435090.376
2022-10-09,52.75,53.98,52.66,53.88,1492056.58
2022-10-10,53.87,54.45,52.4,52.6,3061143.794
2022-10-11,52.61,52.67,51.18,51.99,2468520.891
2022-10-12,51.99,52.96,51.56,52.18,2113555.066
2022-10-13,52.18,52.47,48.26,51.06,4451857.931
2022-10-14,51.05,52.55,50.87,51.26,2355519.42
2022-10-15,51.26,51.64,50.23,50.36,1317244.958
2022-10-16,50.36,51.79,50.25,51.39,1497853.486
2022-10-17,51.38,52.14,51.01,51.8,1644214.168
2022-10-18,51.8,52.18,50.7,51.84,2155017.013
2022-10-19,51.83,51.99,50.69,50.89,1737136.349
2022-10-20,50.89,52.08,50.54,51.19,2255669.498
2022-10-21,51.19,51.78,49.5,51.6,2447579.295
2022-10-22,51.61,52.47,51.32,52.14,1261370.155
2022-10-23,52.14,54.0,51.8,53.99,1868176.076
2022-10-24,54.0,54.18,52.07,52.49,2258187.393
2022-10-25,52.5,56.79,52.25,55.91,3478634.144
2022-10-26,55.91,57.62,55.64,56.34,3091377.08
2022-10-27,56.34,56.66,54.43,54.73,3212041.898
2022-10-28,54.73,55.57,53.44,54.89,2462220.477
2022-10-29,54.88,57.59,54.58,56.55,2808054.533
2022-10-30,56.55,57.48,54.67,55.33,2090385.672
2022-10-31,55.34,56.37,53.94,54.99,2480380.415
2022-11-01,54.98,55.89,54.44,55.06,1772342.492
2022-11-02,55.06,62.96,54.57,60.91,14408858.805
2022-11-03,60.9,64.74,60.03,61.8,8538549.978
2022-11-04,61.8,70.48,61.62,67.55,7819520.529
2022-11-05,67.56,71.98,67.03,69.21,6542133.254
2022-11-06,69.21,70.84,67.44,68.19,4872792.257
2022-11-07,68.19,73.31,66.13,67.38,10119003.949
2022-11-08,67.39,68.8,53.45,57.74,12700855.307
2022-11-09,57.74,59.77,47.38,50.64,10438260.425
2022-11-10,50.64,61.32,49.61,60.53,7701910.767
2022-11-11,60.53,64.3,58.41,61.43,7429265.528
2022-11-12,61.45,61.74,58.1,59.91,3374190.37
2022-11-13,59.91,60.29,56.12,57.32,2789575.613
2022-11-14,57.33,59.24,53.4,56.64,5343582.718
2022-11-15,56.64,59.51,56.42,57.98,3191760.863
2022-11-16,57.98,60.14,56.66,57.45,3581406.861
2022-11-17,57.44,63.33,56.95,62.5,6672739.106
2022-11-18,62.5,63.89,61.53,62.6,7143297.472
2022-11-19,62.6,64.59,61.25,63.93,5894745.769
2022-11-20,63.93,64.9,60.33,62.06,6350071.355
2022-11-21,62.06,63.49,59.17,61.29,11702419.02
2022-11-22,61.29,71.3,61.02,70.6,17638174.917
2022-11-23,70.6,84.9,69.57,78.96,21233788.726
2022-11-24,78.96,79.5,74.9,78.64,11428506.689
2022-11-25,78.63,79.99,73.12,74.04,10639165.84
2022-11-26,74.05,79.66,73.83,76.43,9286897.65
2022-11-27,76.43,79.21,74.02,74.88,7450291.538
2022-11-28,74.88,75.3,70.49,73.9,10143534.209
2022-11-29,73.9,78.0,73.35,75.76,8683001.286
2022-11-30,75.76,80.9,75.36,79.11,7878087.603
2022-12-01,79.1,80.62,76.19,77.55,6505287.053
2022-12-02,77.55,78.12,75.22,77.86,3933314.832
2022-12-03,77.87,78.05,75.4,76.42,2762946.877
2022-12-04,76.42,77.6,75.73,77.04,3108118.612
2022-12-05,77.03,85.0,76.77,80.15,11719067.9
2022-12-06,80.16,81.75,77.62,79.84,5511849.208
2022-12-07,79.84,80.36,75.41,76.85,5654173.475
2022-12-08,76.86,78.69,74.1,78.22,6387822.761
2022-12-09,78.23,78.83,75.79,76.29,4192325.574
2022-12-10,76.29,77.43,75.61,76.3,2035668.345
2022-12-11,76.3,78.38,76.24,76.46,2978087.156
2022-12-12,76.46,76.7,73.5,76.18,4429302.409
2022-12-13,76.19,79.8,74.29,77.37,5948667.702
2022-12-14,77.36,79.1,74.13,75.32,4494486.774
2022-12-15,75.31,75.49,71.58,72.41,4295692.088
2022-12-16,72.41,73.56,64.81,66.21,6931933.653
2022-12-17,66.21,67.68,62.3,64.85,6446847.486
2022-12-18,64.85,65.93,63.0,64.37,3988429.191
2022-12-19,64.37,65.0,60.92,63.32,5455990.99
2022-12-20,63.32,66.3,63.04,65.5,5722652.016
2022-12-21,65.51,66.8,64.57,65.36,4128628.908
2022-12-22,65.36,66.67,64.21,66.16,4001556.483
2022-12-23,66.16,66.71,64.67,65.71,2556043.408
2022-12-24,65.71,66.0,65.01,65.73,1255587.997
2022-12-25,65.73,69.69,65.24,69.11,4045547.012
2022-12-26,69.1,72.0,68.55,70.73,6662536.698
2022-12-27,70.73,71.13,67.71,68.62,5585913.096
2022-12-28,68.62,69.46,65.61,66.27,5617908.228
2022-12-29,66.28,67.25,65.52,66.62,3513067.381
2022-12-30,66.62,68.67,66.0,67.92,4161504.843
2022-12-31,67.92,71.12,67.6,70.15,4873987.208
2023-01-01,70.14,71.53,68.85,70.88,4429603.128
2023-01-02,70.89,78.11,70.01,74.69,8202445.942
2023-01-03,74.69,76.48,73.62,75.53,5829025.015
2023-01-04,75.54,78.0,74.24,75.42,6384696.246
2023-01-05,75.42,76.26,73.51,74.21,4408969.845
2023-01-06,74.22,76.56,72.23,75.89,6165255.413
2023-01-07,75.9,76.9,75.41,76.36,2876275.43
2023-01-08,76.37,81.66,75.03,78.7,4273835.453
2023-01-09,78.68,83.66,78.08,81.66,8632307.127
2023-01-10,81.65,82.89,79.49,80.92,4476539.21
2023-01-11,80.92,85.15,79.9,84.09,7349563.144
2023-01-12,84.09,88.0,80.66,86.08,8653049.266
2023-01-13,86.07,88.11,83.55,86.24,5837187.635
2023-01-14,86.23,92.0,85.91,87.92,8322720.945
2023-01-15,87.91,88.8,85.2,87.45,3645878.403
2023-01-16,87.45,89.29,83.25,85.95,4332951.049
2023-01-17,85.94,89.5,84.5,87.05,5147888.122
2023-01-18,87.05,88.44,82.0,82.64,5275319.284
2023-01-19,82.64,84.59,81.64,84.19,2753708.743
2023-01-20,84.18,91.36,83.0,90.29,4071851.791
2023-01-21,90.28,92.31,87.59,87.97,4093149.067
2023-01-22,87.97,90.08,86.52,87.6,3093210.03
2023-01-23,87.6,93.25,87.55,90.0,4539848.664
2023-01-24,90.0,91.53,86.0,87.18,3131311.235
2023-01-25,87.18,92.0,85.5,89.43,3363777.725
2023-01-26,89.42,90.03,86.84,87.51,2558364.707
2023-01-27,87.52,89.24,85.79,88.95,2183316.13
2023-01-28,88.94,90.04,86.97,89.71,1922679.073
2023-01-29,89.71,97.9,89.69,94.94,7981920.597
2023-01-30,94.94,96.1,88.0,91.31,5622136.012
2023-01-31,91.31,96.25,91.26,94.11,5482173.853
2023-02-01,94.12,102.72,93.72,100.44,7400870.118
2023-02-02,100.44,102.5,97.94,98.72,4224026.293
2023-02-03,98.73,100.8,97.5,99.94,3082151.008
2023-02-04,99.94,101.44,98.24,98.51,1935236.47
2023-02-05,98.51,98.88,94.75,96.63,2406026.576
2023-02-06,96.63,97.99,94.77,95.97,2544384.435
2023-02-07,95.96,101.69,95.91,100.9,4282784.081
2023-02-08,100.9,102.45,96.8,99.19,3569915.888
2023-02-09,99.2,99.52,89.88,92.01,5577916.83
2023-02-10,92.01,94.18,91.01,93.31,4187800.592
2023-02-11,93.3,94.77,92.61,94.24,2742692.156
2023-02-12,94.23,94.52,90.83,92.43,2465823.814
2023-02-13,92.43,94.99,88.11,90.98,5291126.355
2023-02-14,90.99,95.95,90.25,95.76,4733081.669
2023-02-15,95.75,103.36,94.97,102.82,5635093.21
2023-02-16,102.82,105.86,98.5,98.6,5729491.857
2023-02-17,98.6,101.76,98.23,100.21,4373481.385
2023-02-18,100.2,101.96,98.89,99.72,3275878.339
2023-02-19,99.71,101.54,96.69,97.44,3823723.014
2023-02-20,97.44,98.8,94.52,95.96,5021485.947
2023-02-21,95.97,96.85,91.55,93.81,5128127.221
2023-02-22,93.81,95.55,91.55,95.22,6024725.069
2023-02-23,95.22,96.3,93.31,94.59,3872339.316
2023-02-24,94.59,95.26,89.71,91.51,3693058.085
2023-02-25,91.51,93.45,90.24,93.1,3032163.09
2023-02-26,93.09,95.51,92.72,95.23,2633726.255
2023-02-27,95.23,96.06,92.38,94.02,3295730.063
2023-02-28,94.02,95.99,92.94,93.76,3079969.319
2023-03-01,93.76,98.36,93.52,97.74,3886533.88
2023-03-02,97.73,98.34,93.88,95.32,3553615.027
2023-03-03,95.33,95.43,85.29,90.51,4725594.217
2023-03-04,90.51,90.82,87.32,89.29,2555389.907
2023-03-05,89.3,91.73,89.15,89.9,2886614.868
2023-03-06,89.9,90.57,86.46,87.3,3678363.164
2023-03-07,87.3,88.92,83.75,86.27,4985734.702
2023-03-08,86.28,86.65,81.19,82.72,4772075.55
2023-03-09,82.71,84.91,74.88,76.62,6637861.458
2023-03-10,76.63,76.76,68.0,71.36,11595225.08
2023-03-11,71.37,73.78,65.0,69.16,10294786.057
2023-03-12,69.15,76.51,67.35,76.31,8366861.878
2023-03-13,76.31,83.2,73.81,81.49,9823900.294
2023-03-14,81.49,88.36,79.18,83.97,8324218.252
2023-03-15,83.96,85.46,75.0,76.4,8398452.041
2023-03-16,76.4,79.86,75.55,78.82,5882379.606
2023-03-17,78.83,85.55,78.12,85.47,6581602.985
2023-03-18,85.47,87.93,81.85,83.01,6689627.688
2023-03-19,83.01,86.35,82.07,83.98,4876201.091
2023-03-20,83.99,84.3,77.69,78.04,6319473.413
2023-03-21,78.04,83.52,76.58,82.45,6046833.224
2023-03-22,82.45,88.29,79.14,87.24,10111177.991
2023-03-23,87.23,94.66,85.56,93.56,15274018.345
2023-03-24,93.56,96.0,88.88,93.51,10561420.108
2023-03-25,93.51,94.28,89.95,91.43,5382356.215
2023-03-26,91.43,94.78,90.5,93.27,5187367.281
2023-03-27,93.27,94.11,87.5,89.17,6555368.27
2023-03-28,89.18,89.58,85.5,89.06,6571672.833
2023-03-29,89.07,93.0,88.86,91.25,4670155.353
2023-03-30,91.26,93.3,86.45,89.02,5508665.218
2023-03-31,89.01,90.24,87.18,89.54,3450177.175
2023-04-01,89.54,94.31,89.32,92.51,4851289.031
2023-04-02,92.5,94.58,90.26,92.75,5218556.255
2023-04-03,92.75,95.87,89.25,92.93,6531373.154
2023-04-04,92.93,94.06,91.53,92.51,3176422.549
2023-04-05,92.51,95.09,91.0,92.57,4160714.52
2023-04-06,92.57,92.61,89.7,90.92,2643597.319
2023-04-07,90.92,91.44,89.01,90.56,1880558.91
2023-04-08,90.57,91.43,89.19,89.86,1229200.599
2023-04-09,89.85,91.0,89.07,90.52,1666354.241
2023-04-10,90.51,94.5,89.8,93.75,3262215.192
2023-04-11,93.75,97.0,93.13,94.17,4697831.353
2023-04-12,94.17,94.63,90.76,92.03,4438141.242
2023-04-13,92.04,94.55,91.61,94.14,2455758.658
2023-04-14,94.14,99.38,93.6,96.36,5375953.722
2023-04-15,96.36,97.4,94.68,96.73,1956367.546
2023-04-16,96.74,102.3,95.11,100.11,5416128.408
2023-04-17,100.11,100.42,97.31,98.9,4085769.94
2023-04-18,98.91,103.58,97.59,101.94,4958014.803
2023-04-19,101.93,101.96,86.45,90.43,6030015.271
2023-04-20,90.42,92.43,87.1,90.18,5658825.042
2023-04-21,90.18,90.88,83.5,85.29,5156765.004
2023-04-22,85.28,87.09,84.71,86.95,2117815.219
2023-04-23,86.95,87.06,84.02,86.72,2278884.911
2023-04-24,86.72,88.98,85.81,88.25,3878724.332
2023-04-25,88.26,91.75,87.12,90.98,5249296.98
2023-04-26,90.98,93.9,84.0,88.07,6608338.558
2023-04-27,88.07,90.68,87.0,89.7,4484531.651
2023-04-28,89.7,90.35,87.58,89.58,2846422.415
2023-04-29,89.58,91.63,89.16,91.04,2037960.882
2023-04-30,91.05,91.35,87.69,88.17,2472586.759
2023-05-01,88.18,88.83,85.05,86.71,2910720.103
2023-05-02,86.7,89.15,85.96,88.16,3049928.654
2023-05-03,88.17,89.84,85.3,88.84,3904714.332
2023-05-04,88.85,89.11,87.35,88.33,1960705.796
2023-05-05,88.34,89.68,86.0,88.57,3015102.504
2023-05-06,88.57,89.31,80.45,83.22,4881556.358
2023-05-07,83.23,84.68,82.88,83.37,2679060.228
2023-05-08,83.37,85.2,75.0,77.67,6355675.825
2023-05-09,77.68,80.09,77.26,79.88,3634782.354
2023-05-10,79.88,82.02,77.0,80.88,5124232.821
2023-05-11,80.89,81.94,78.24,80.83,5649487.133
2023-05-12,80.83,81.46,77.0,80.41,5059912.247
2023-05-13,80.4,81.05,79.65,80.21,2065313.618
2023-05-14,80.21,83.96,79.5,83.43,3243475.645
2023-05-15,83.42,88.5,82.05,86.88,7557795.625
2023-05-16,86.88,90.5,86.1,89.96,8437913.545
2023-05-17,89.96,94.99,89.51,93.83,11199818.761
2023-05-18,93.82,94.19,89.13,90.41,6775362.62
2023-05-19,90.4,93.26,90.21,91.7,5476833.318
2023-05-20,91.71,92.75,90.39,92.34,2382362.376
2023-05-21,92.35,93.47,91.06,92.12,3280841.226
2023-05-22,92.12,92.77,89.72,90.79,3693708.439
2023-05-23,90.79,93.09,90.3,91.66,3089812.752
2023-05-24,91.67,91.85,84.1,85.77,7326096.043
2023-05-25,85.78,86.73,82.47,86.53,4715755.613
2023-05-26,86.53,88.2,86.0,87.04,4682253.062
2023-05-27,87.04,88.79,86.84,88.5,2215515.742
2023-05-28,88.5,92.34,88.08,91.43,4010798.52
2023-05-29,91.43,92.16,90.11,90.85,3332056.313
2023-05-30,90.85,93.3,90.5,92.19,3713520.532
2023-05-31,92.18,92.66,87.53,90.39,4193385.5
2023-06-01,90.38,95.96,89.12,94.14,9569194.47
2023-06-02,94.14,95.67,92.54,95.42,5229899.526
2023-06-03,95.43,97.56,94.11,96.02,4141008.411
2023-06-04,96.03,96.45,93.61,94.16,3630234.242
2023-06-05,94.15,94.55,83.16,87.66,8680343.112
2023-06-06,87.66,91.45,85.55,90.88,6268158.501
2023-06-07,90.88,91.3,87.37,88.8,5788879.696
2023-06-08,88.79,89.5,87.06,88.42,3437799.89
2023-06-09,88.43,89.93,86.35,89.26,3813473.881
2023-06-10,89.26,89.3,72.53,77.09,13560806.359
2023-06-11,77.09,78.98,76.09,77.63,4564154.368
2023-06-12,77.63,77.86,75.0,77.45,5183605.25
2023-06-13,77.44,79.81,76.21,77.45,5054705.476
2023-06-14,77.45,78.12,70.21,73.09,5645475.951
2023-06-15,73.09,75.12,72.02,74.56,4413468.44
2023-06-16,74.56,76.89,74.04,76.09,4170724.897
2023-06-17,76.09,77.89,75.67,76.81,2490966.25
2023-06-18,76.81,78.44,76.13,77.14,2668986.696
2023-06-19,77.15,77.8,76.01,77.43,2696976.014
2023-06-20,77.43,80.92,75.65,80.3,5083983.257
2023-06-21,80.3,87.38,79.95,84.98,9238080.66
2023-06-22,84.99,88.84,84.1,85.89,6532484.998
2023-06-23,85.88,93.19,84.95,91.26,8838296.326
2023-06-24,91.26,93.83,86.28,89.69,6671967.802
2023-06-25,89.68,90.48,86.57,88.15,4463651.853
2023-06-26,88.15,90.35,85.58,87.18,5215177.485
2023-06-27,87.18,89.41,86.85,88.03,3575779.439

