Date,Opening Price,High Price,Low Price,Closing Price,Trading Volume
2022-02-14,92.79,97.92,90.49,96.37,9107385.0
2022-02-15,96.36,105.77,96.32,105.44,8726286.0
2022-02-16,105.46,105.56,98.11,101.78,8084251.0
2022-02-17,101.81,102.78,92.25,93.46,8221293.0
2022-02-18,93.49,96.33,89.24,89.82,7250331.0
2022-02-19,89.82,92.7,88.51,91.25,5417520.0
2022-02-20,91.25,93.92,85.39,90.63,12851703.0
2022-02-21,90.63,96.13,82.61,82.89,19858064.0
2022-02-22,82.89,87.6,80.96,86.34,12205064.0
2022-02-23,86.34,93.35,84.3,84.53,13646371.0
2022-02-24,84.53,95.27,75.25,89.35,29679152.0
2022-02-25,89.34,95.0,86.8,92.69,14249813.0
2022-02-26,92.69,95.15,89.12,90.21,7951389.0
2022-02-27,90.21,92.42,84.0,85.58,9791044.0
2022-02-28,85.57,102.89,84.1,99.62,16640184.0
2022-03-01,99.62,102.02,94.14,98.61,13421455.0
2022-03-02,98.61,106.43,96.68,100.69,15156169.0
2022-03-03,100.68,101.71,93.99,95.58,9515942.0
2022-03-04,95.57,95.91,86.87,88.26,10531964.0
2022-03-05,88.27,91.2,85.82,89.59,5581271.0
2022-03-06,89.58,89.93,84.02,84.53,6179199.0
2022-03-07,84.53,86.68,79.77,81.62,10221834.0
2022-03-08,81.61,85.06,81.23,82.25,9063016.0
2022-03-09,82.25,89.92,81.87,88.04,10676883.0
2022-03-10,88.05,88.58,80.56,82.81,9014111.0
2022-03-11,82.82,84.33,80.0,80.64,8563858.0
2022-03-12,80.64,82.71,80.51,81.38,4052394.0
2022-03-13,81.37,83.36,77.54,78.69,6611188.0
2022-03-14,78.68,82.27,77.93,81.2,7688576.0
2022-03-15,81.18,86.0,78.7,82.83,8055738.0
2022-03-16,82.83,87.97,81.47,87.73,10365638.0
2022-03-17,87.73,91.04,86.54,87.83,8455717.0
2022-03-18,87.83,92.31,84.35,89.77,9735754.0
2022-03-19,89.77,94.59,89.25,92.31,8081727.0
2022-03-20,92.32,92.57,87.77,88.58,5885870.0
2022-03-21,88.58,91.23,86.62,88.55,6892088.0
2022-03-22,88.55,93.95,87.9,90.44,8424636.0
2022-03-23,90.44,96.35,89.12,94.83,9602339.0
2022-03-24,94.83,103.73,93.35,102.33,16825792.0
2022-03-25,102.32,104.9,97.06,98.55,12559624.0
2022-03-26,98.55,103.4,97.56,101.68,7816675.0
2022-03-27,101.68,107.44,98.68,106.94,8450934.0
2022-03-28,106.94,113.9,105.14,105.73,14660240.0
2022-03-29,105.73,115.67,105.43,111.56,14281594.0
2022-03-30,111.56,125.38,107.05,120.85,17470065.0
2022-03-31,120.86,129.66,119.96,122.85,18324290.0
2022-04-01,122.85,138.44,117.45,134.53,18008176.0
2022-04-02,134.53,143.57,131.31,132.48,13621808.0
2022-04-03,132.47,141.21,130.5,136.85,10552980.0
2022-04-04,136.87,138.39,125.69,132.09,11182063.0
2022-04-05,132.11,136.68,126.0,126.84,9678943.0
2022-04-06,126.84,127.37,112.02,112.87,17201228.0
2022-04-07,112.86,119.95,110.78,118.41,11490698.0
2022-04-08,118.41,122.34,108.01,109.83,13211686.0
2022-04-09,109.82,113.69,108.18,112.89,5902477.0
2022-04-10,112.89,116.0,109.61,111.04,7295683.0
2022-04-11,111.03,111.86,97.98,99.62,14793289.0
2022-04-12,99.61,109.26,98.23,103.17,15291714.0
2022-04-13,103.16,105.97,100.02,104.89,11418170.0
2022-04-14,104.9,107.72,98.71,100.72,10852684.0
2022-04-15,100.71,102.89,99.5,101.33,6751197.0
2022-04-16,101.35,103.46,100.62,102.02,5001743.0
2022-04-17,102.01,105.45,99.52,100.08,8059001.0
2022-04-18,100.09,102.64,94.6,102.35,12777531.0
2022-04-19,102.34,108.77,101.01,108.45,10332680.0
2022-04-20,108.45,110.92,104.17,105.52,10567360.0
2022-04-21,105.51,109.96,99.76,101.69,10894912.0
2022-04-22,101.7,103.53,99.17,100.5,8603985.0
2022-04-23,100.52,102.87,98.25,100.61,5619164.0
2022-04-24,100.6,102.24,98.5,99.13,5752342.0
2022-04-25,99.15,101.59,94.1,100.94,11992200.0
2022-04-26,100.95,102.0,94.5,95.65,9883811.0
2022-04-27,95.66,100.72,94.82,98.3,9300153.0
2022-04-28,98.3,100.54,96.23,98.18,8849393.0
2022-04-29,98.18,98.66,92.26,93.94,7536732.0
2022-04-30,93.94,94.95,81.67,84.5,8575614.0
2022-05-01,84.51,93.16,84.0,89.61,10483398.0
2022-05-02,89.61,90.85,85.02,87.44,8842773.0
2022-05-03,87.44,88.79,84.58,85.81,5748943.0
2022-05-04,85.82,93.1,85.42,92.7,9386594.0
2022-05-05,92.7,95.22,81.05,84.48,13780385.0
2022-05-06,84.47,84.78,79.79,81.63,11726372.0
2022-05-07,81.64,82.29,77.0,78.8,7750477.0
2022-05-08,78.8,79.36,73.58,75.34,11858880.0
2022-05-09,75.34,77.19,61.61,62.08,27684716.0
2022-05-10,62.07,73.99,60.0,66.83,31795763.0
2022-05-11,66.83,68.44,43.06,50.84,48303489.0
2022-05-12,50.85,54.33,37.1,44.63,56691055.0
2022-05-13,44.64,56.37,43.81,48.88,32943655.0
2022-05-14,48.88,53.94,45.75,52.4,20221240.0
2022-05-15,52.4,59.29,49.57,58.8,17821126.0
2022-05-16,58.8,58.8,51.8,53.77,22140006.0
2022-05-17,53.78,58.2,53.0,57.0,19937437.0
2022-05-18,57.01,57.83,49.34,49.92,19348761.0
2022-05-19,49.91,54.06,48.07,52.18,24662199.0
2022-05-20,52.18,53.62,47.76,49.41,25283753.0
2022-05-21,49.4,51.2,48.36,50.27,12313932.0
2022-05-22,50.27,53.16,49.64,52.44,12729438.0
2022-05-23,52.44,54.66,48.56,49.14,19904405.0
2022-05-24,49.13,50.83,47.04,49.66,17662688.0
2022-05-25,49.65,50.54,47.53,47.95,15918475.0
2022-05-26,47.95,48.65,41.56,43.41,31944688.0
2022-05-27,43.41,43.92,39.91,41.15,37585417.0
2022-05-28,41.15,45.1,40.3,44.22,18317303.0
2022-05-29,44.22,45.66,41.77,44.95,20540692.0
2022-05-30,44.95,48.58,44.24,47.21,24302104.0
2022-05-31,47.21,48.23,44.52,45.76,20880840.0
2022-06-01,45.75,46.12,39.49,40.09,25819704.0
2022-06-02,40.09,41.7,38.1,40.84,32212216.0
2022-06-03,40.84,41.52,37.55,38.24,27140271.0
2022-06-04,38.25,39.55,35.65,38.99,27617082.0
2022-06-05,38.99,40.22,37.81,38.51,26334769.0
2022-06-06,38.5,44.99,38.31,42.35,44719001.0
2022-06-07,42.36,42.77,37.06,39.28,51749410.0
2022-06-08,39.29,40.94,38.24,38.8,25924339.0
2022-06-09,38.81,41.96,38.4,39.95,25905188.0
2022-06-10,39.94,40.9,36.73,37.12,28065208.0
2022-06-11,37.13,37.91,33.13,33.91,32583858.0
2022-06-12,33.92,34.5,30.53,30.56,45670821.0
2022-06-13,30.56,31.09,26.0,28.58,102202032.0
2022-06-14,28.58,32.21,25.81,29.56,76559650.0
2022-06-15,29.57,34.87,26.75,34.72,78806086.0
2022-06-16,34.72,36.26,29.52,30.1,64037750.0
2022-06-17,30.09,32.11,29.21,30.7,41934041.0
2022-06-18,30.71,32.0,27.09,31.98,61563165.0
2022-06-19,31.98,35.43,28.67,34.16,64172010.0
2022-06-20,34.17,36.9,31.7,35.22,57195766.0
2022-06-21,35.23,39.25,34.18,36.39,55239261.0
2022-06-22,36.39,36.86,33.62,34.11,46199415.0
2022-06-23,34.11,38.69,33.88,38.15,47466482.0
2022-06-24,38.14,42.91,37.64,41.89,42221178.0
2022-06-25,41.89,42.61,39.72,42.21,31102600.0
2022-06-26,42.2,42.49,39.1,39.36,28379658.0
2022-06-27,39.36,41.28,37.8,38.5,29487738.0
2022-06-28,38.5,39.88,35.05,35.32,37783221.0
2022-06-29,35.31,36.1,33.09,34.02,40638255.0
2022-06-30,34.02,34.19,30.79,33.73,44784872.0
2022-07-01,33.73,35.39,31.79,32.83,44965929.0
2022-07-02,32.83,34.15,31.83,33.34,23178184.0
2022-07-03,33.35,33.71,32.12,33.37,19106717.0
2022-07-04,33.37,36.95,32.41,36.71,29675528.0
2022-07-05,36.71,36.97,33.06,35.37,37977932.0
2022-07-06,35.37,37.65,34.77,37.01,36312383.0
2022-07-07,37.02,39.26,36.36,38.44,28461790.0
2022-07-08,38.44,39.7,36.42,38.1,36439992.0
2022-07-09,38.1,38.99,37.74,38.02,17024013.0
2022-07-10,38.02,38.12,36.24,36.7,17373581.0
2022-07-11,36.69,36.72,33.22,33.39,24553003.0
2022-07-12,33.38,34.6,32.56,32.65,26443855.0
2022-07-13,32.65,35.08,31.7,34.93,33316937.0
2022-07-14,34.92,37.31,33.52,37.12,26697987.0
2022-07-15,37.11,39.09,36.51,37.35,26111584.0
2022-07-16,37.35,40.41,36.33,39.57,23932775.0
2022-07-17,39.57,41.09,38.26,38.58,22619821.0
2022-07-18,38.58,44.1,38.53,43.53,33149985.0
2022-07-19,43.53,47.4,42.54,44.86,41838827.0
2022-07-20,44.85,46.32,41.21,42.02,34238745.0
2022-07-21,42.02,44.06,39.61,43.11,35494480.0
2022-07-22,43.11,44.34,40.01,40.49,26611172.0
2022-07-23,40.49,41.91,38.59,39.95,21126177.0
2022-07-24,39.95,42.08,39.44,40.91,18745458.0
2022-07-25,40.91,41.09,36.53,36.64,26561982.0
2022-07-26,36.63,36.82,34.64,36.22,26574196.0
2022-07-27,36.22,40.56,35.64,40.21,28543829.0
2022-07-28,40.2,44.16,39.01,42.9,32095274.0
2022-07-29,42.91,44.42,41.09,41.9,27577032.0
2022-07-30,41.9,46.64,41.41,43.83,25178431.0
2022-07-31,43.84,45.18,42.18,42.32,18965991.0
2022-08-01,42.31,43.23,40.52,41.61,20280148.0
2022-08-02,41.62,42.43,39.42,39.73,22955028.0
2022-08-03,39.73,41.0,37.39,38.52,48398769.0
2022-08-04,38.52,39.83,37.9,38.81,23717637.0
2022-08-05,38.81,41.32,38.65,40.55,21226093.0
2022-08-06,40.55,40.9,39.83,40.04,11318037.0
2022-08-07,40.03,41.59,39.15,40.59,11959783.0
2022-08-08,40.6,43.72,40.53,42.15,21401541.0
2022-08-09,42.14,42.76,39.68,40.3,19698484.0
2022-08-10,40.3,42.85,39.11,42.45,25436194.0
2022-08-11,42.45,45.32,42.32,42.75,31721354.0
2022-08-12,42.75,45.49,42.1,45.46,22504477.0
2022-08-13,45.45,48.38,45.23,46.57,32325766.0
2022-08-14,46.58,48.05,44.43,44.86,24816330.0
2022-08-15,44.85,47.24,42.71,43.7,26402675.0
2022-08-16,43.69,44.3,42.5,43.06,22628772.0
2022-08-17,43.05,44.74,40.13,40.51,28858267.0
2022-08-18,40.52,41.63,39.25,39.48,21599618.0
2022-08-19,39.48,39.56,34.38,35.79,39089747.0
2022-08-20,35.79,37.23,34.15,35.25,26034812.0
2022-08-21,35.25,37.04,34.26,36.45,20928069.0
2022-08-22,36.45,36.54,33.7,35.39,26701372.0
2022-08-23,35.39,36.09,34.22,35.66,19414878.0
2022-08-24,35.66,36.39,34.27,34.85,19471591.0
2022-08-25,34.85,36.51,34.84,35.22,17592172.0
2022-08-26,35.23,35.77,31.31,31.68,32190703.0
2022-08-27,31.68,32.22,30.82,31.5,18665019.0
2022-08-28,31.49,32.18,30.14,30.38,15488187.0
2022-08-29,30.38,32.62,29.9,32.39,23624146.0
2022-08-30,32.4,33.17,30.61,31.47,24118771.0
2022-08-31,31.46,32.95,31.16,31.46,22674978.0
2022-09-01,31.47,31.78,30.37,31.59,18578932.0
2022-09-02,31.59,32.37,30.72,31.21,18274973.0
2022-09-03,31.2,31.26,30.77,31.1,8579138.0
2022-09-04,31.1,32.22,31.0,32.15,11554165.0
2022-09-05,32.14,32.5,31.12,32.15,14345553.0
2022-09-06,32.15,33.88,30.39,30.87,32132354.0
2022-09-07,30.87,32.95,30.27,32.68,20199001.0
2022-09-08,32.69,33.98,31.99,33.6,22292605.0
2022-09-09,33.59,35.96,33.57,34.66,24386705.0
2022-09-10,34.66,35.4,34.24,35.03,13993028.0
2022-09-11,35.02,36.02,34.02,34.97,14068818.0
2022-09-12,34.97,38.44,34.37,37.43,35664193.0
2022-09-13,37.42,38.93,32.9,32.96,40367039.0
2022-09-14,32.96,34.33,32.63,34.09,20507377.0
2022-09-15,34.09,34.83,32.36,33.05,25177753.0
2022-09-16,33.06,33.24,31.48,32.24,17108873.0
2022-09-17,32.24,33.88,32.21,33.66,10354775.0
2022-09-18,33.67,33.98,30.78,31.07,16393651.0
2022-09-19,31.07,33.08,30.44,32.62,20916872.0
2022-09-20,32.62,32.87,31.26,31.4,18245776.0
2022-09-21,31.41,33.48,29.98,30.63,28550681.0
2022-09-22,30.62,32.86,30.56,32.41,19848606.0
2022-09-23,32.41,33.95,31.17,33.66,24333195.0
2022-09-24,33.66,34.78,33.11,33.36,22124642.0
2022-09-25,33.37,34.05,31.82,32.31,15474926.0
2022-09-26,32.31,33.93,31.84,33.86,23119343.0
2022-09-27,33.86,35.4,32.05,32.66,28110937.0
2022-09-28,32.66,33.79,31.62,33.22,24511989.0
2022-09-29,33.22,34.41,32.62,33.92,25334901.0
2022-09-30,33.92,35.19,32.6,33.22,27326331.0
2022-10-01,33.22,33.22,32.31,32.42,13401426.0
2022-10-02,32.42,32.99,31.84,32.04,12384841.0
2022-10-03,32.04,33.24,31.69,32.89,16238346.0
2022-10-04,32.88,34.38,32.82,34.08,16133930.0
2022-10-05,34.07,34.36,33.15,34.02,15865963.0
2022-10-06,34.01,34.48,33.18,33.33,14457846.0
2022-10-07,33.33,33.74,32.38,32.96,12534495.0
2022-10-08,32.96,33.06,32.31,32.56,5054488.0
2022-10-09,32.56,33.11,32.42,32.9,6113563.0
2022-10-10,32.9,33.47,31.82,31.93,12830317.0
2022-10-11,31.93,31.93,30.36,30.78,13938956.0
2022-10-12,30.77,31.53,30.66,31.14,9427142.0
2022-10-13,31.15,31.19,27.12,30.47,29958449.0
2022-10-14,30.46,31.96,29.61,29.97,18270783.0
2022-10-15,29.96,30.19,29.39,29.58,8047257.0
2022-10-16,29.57,30.51,29.54,30.14,7278669.0
2022-10-17,30.14,31.28,29.82,31.18,12338376.0
2022-10-18,31.18,31.47,29.69,30.13,16477163.0
2022-10-19,30.13,30.25,28.55,28.84,13711673.0
2022-10-20,28.84,29.45,27.93,28.0,18317942.0
2022-10-21,28.0,28.25,26.82,28.08,25982889.0
2022-10-22,28.09,28.21,27.45,27.98,10229233.0
2022-10-23,27.98,29.53,27.68,29.25,16751705.0
2022-10-24,29.26,29.51,28.14,28.28,18675469.0
2022-10-25,28.28,32.29,28.03,30.85,39495842.0
2022-10-26,30.85,32.19,30.59,31.27,28994283.0
2022-10-27,31.27,32.35,30.44,30.57,27391970.0
2022-10-28,30.57,32.54,30.06,32.06,23168444.0
2022-10-29,32.05,33.85,31.84,32.86,21527044.0
2022-10-30,32.85,33.54,31.9,32.91,13514157.0
2022-10-31,32.92,34.39,32.17,32.54,23100208.0
2022-11-01,32.53,33.38,32.13,32.18,12560985.0
2022-11-02,32.18,32.92,30.2,30.79,24566803.0
2022-11-03,30.78,32.23,30.58,30.83,17139494.0
2022-11-04,30.82,34.2,30.63,33.72,26151429.0
2022-11-05,33.73,38.79,33.64,36.89,50089252.0
2022-11-06,36.89,37.07,32.26,32.6,35260996.0
2022-11-07,32.61,33.11,28.0,29.59,70668114.0
2022-11-08,29.58,31.89,18.4,23.82,242522353.0
2022-11-09,23.82,23.82,9.423,11.7,590659791.0
2022-11-10,11.69,18.787,10.61,17.615,353922445.0
2022-11-11,17.612,18.318,14.0,16.426,135750868.0
2022-11-12,16.426,16.505,14.44,14.56,53425107.0
2022-11-13,14.559,14.738,12.806,13.126,58304909.0
2022-11-14,13.125,15.36,12.0,13.999,102534104.0
2022-11-15,13.998,15.12,13.811,14.303,54474973.0
2022-11-16,14.304,14.601,13.624,14.257,32937136.0
2022-11-17,14.259,14.5,12.832,13.62,63752460.0
2022-11-18,13.623,13.883,12.967,13.257,31943477.0
2022-11-19,13.257,13.26,12.564,12.837,26787739.0
2022-11-20,12.836,13.585,12.085,12.251,34898380.0
2022-11-21,12.252,12.277,11.253,11.825,49440318.0
2022-11-22,11.827,12.5,10.901,12.427,45203704.0
2022-11-23,12.429,14.723,12.4,14.331,61960092.0
2022-11-24,14.331,14.948,13.826,14.591,50230193.0
2022-11-25,14.591,14.599,13.89,14.015,27152366.0
2022-11-26,14.014,14.964,13.926,14.133,24560019.0
2022-11-27,14.135,14.428,14.02,14.099,14874919.0
2022-11-28,14.097,14.148,12.743,13.313,45299967.0
2022-11-29,13.313,13.95,13.115,13.336,21645702.0
2022-11-30,13.336,14.3,13.172,14.162,26361757.0
2022-12-01,14.163,14.18,13.372,13.489,16582560.0
2022-12-02,13.489,13.834,13.28,13.703,17198822.0
2022-12-03,13.704,13.767,13.2,13.289,9401869.0
2022-12-04,13.29,13.749,13.258,13.7,7847958.0
2022-12-05,13.7,14.16,13.578,13.81,17912273.0
2022-12-06,13.81,14.373,13.808,14.281,15902230.0
2022-12-07,14.279,14.334,13.38,13.487,13093328.0
2022-12-08,13.487,13.764,13.258,13.67,10937958.0
2022-12-09,13.671,14.019,13.5,13.579,14076006.0
2022-12-10,13.579,13.731,13.532,13.56,4636762.0
2022-12-11,13.559,13.785,13.37,13.406,6175513.0
2022-12-12,13.407,13.488,12.753,13.304,12834367.0
2022-12-13,13.308,14.149,12.753,13.894,23549901.0
2022-12-14,13.894,14.96,13.809,14.12,26819296.0
2022-12-15,14.12,14.515,13.87,14.044,18368914.0
2022-12-16,14.043,14.169,11.965,12.239,30186738.0
2022-12-17,12.239,12.56,11.895,12.489,14388279.0
2022-12-18,12.489,12.599,12.25,12.369,6923437.0
2022-12-19,12.37,12.573,11.651,11.93,16473134.0
2022-12-20,11.93,12.475,11.818,12.247,12448746.0
2022-12-21,12.248,12.274,11.879,12.127,10212917.0
2022-12-22,12.127,12.176,11.668,11.814,12135907.0
2022-12-23,11.815,12.106,11.708,11.772,11031497.0
2022-12-24,11.772,11.782,11.03,11.423,20144597.0
2022-12-25,11.423,11.545,11.224,11.373,10203291.0
2022-12-26,11.372,11.488,11.05,11.325,12308275.0
2022-12-27,11.325,11.435,10.7,11.087,25583208.0
2022-12-28,11.087,11.128,9.37,9.749,59675748.0
2022-12-29,9.749,10.89,7.777,9.614,148761380.0
2022-12-30,9.614,10.3,8.97,9.877,165974098.0
2022-12-31,9.875,10.2,9.64,9.968,56131816.0
2023-01-01,9.968,10.074,9.678,9.977,33989325.0
2023-01-02,9.977,12.067,9.796,11.259,79455204.0
2023-01-03,11.259,13.879,11.0,13.326,172413417.0
2023-01-04,13.326,14.2,12.813,13.405,157681435.0
2023-01-05,13.404,13.781,12.927,13.418,69424055.0
2023-01-06,13.417,13.585,12.644,13.483,66949448.0
2023-01-07,13.484,13.49,13.01,13.087,19679392.0
2023-01-08,13.086,15.489,12.834,14.465,62122677.0
2023-01-09,14.464,17.5,14.256,16.253,132229880.0
2023-01-10,16.253,16.718,15.567,16.191,67695006.0
2023-01-11,16.191,16.597,15.27,16.355,51227004.0
2023-01-12,16.354,17.0,15.4,16.584,68851485.0
2023-01-13,16.584,18.658,16.237,18.289,66433667.0
2023-01-14,18.289,24.848,18.191,24.283,170942988.0
2023-01-15,24.284,25.2,22.0,22.903,81091714.0
2023-01-16,22.903,25.18,22.23,23.601,79865802.0
2023-01-17,23.6,24.0,22.66,22.855,53504946.0
2023-01-18,22.858,23.674,20.31,20.804,86133366.0
2023-01-19,20.804,21.879,20.4,21.408,50010159.0
2023-01-20,21.408,25.875,20.913,25.513,68902615.0
2023-01-21,25.513,26.687,24.264,24.564,74218424.0
2023-01-22,24.564,25.47,23.5,24.195,43837467.0
2023-01-23,24.196,24.943,23.7,24.347,38229814.0
2023-01-24,24.346,25.3,22.11,22.77,40160667.0
2023-01-25,22.77,25.452,22.187,24.534,56957881.0
2023-01-26,24.535,25.251,23.7,24.345,36947938.0
2023-01-27,24.345,24.994,23.242,24.441,31719064.0
2023-01-28,24.441,25.3,23.7,24.002,23656201.0
2023-01-29,24.002,26.869,23.71,26.09,48584074.0
2023-01-30,26.09,26.334,22.91,23.957,49995022.0
2023-01-31,23.957,24.494,23.481,23.913,30834013.0
2023-02-01,23.912,25.248,22.45,25.011,46828526.0
2023-02-02,25.014,26.173,24.005,24.315,43750124.0
2023-02-03,24.32,25.072,23.97,24.683,29817400.0
2023-02-04,24.683,24.943,24.144,24.318,13815432.0
2023-02-05,24.318,24.46,23.0,23.464,24775099.0
2023-02-06,23.465,23.717,22.471,22.635,24425581.0
2023-02-07,22.637,23.953,22.526,23.817,28364849.0
2023-02-08,23.817,24.24,22.781,23.21,26132339.0
2023-02-09,23.209,23.345,19.99,20.482,43873804.0
2023-02-10,20.482,21.171,19.66,20.088,37272262.0
2023-02-11,20.087,20.888,20.078,20.782,14500615.0
2023-02-12,20.783,22.529,20.604,21.483,28094281.0
2023-02-13,21.484,21.595,19.72,20.748,40746850.0
2023-02-14,20.748,22.373,20.639,21.836,47549012.0
2023-02-15,21.836,23.996,21.443,23.862,36721891.0
2023-02-16,23.862,24.16,22.203,22.257,38567693.0
2023-02-17,22.257,23.558,22.024,23.146,27049577.0
2023-02-18,23.147,23.942,22.931,23.464,16391363.0
2023-02-19,23.464,25.68,23.207,24.853,42196884.0
2023-02-20,24.851,27.15,24.1,26.291,58980060.0
2023-02-21,26.29,26.648,24.5,24.983,39633801.0
2023-02-22,24.983,25.266,23.2,24.145,39972526.0
2023-02-23,24.144,24.685,23.59,23.909,25536944.0
2023-02-24,23.909,24.123,22.436,23.06,27461929.0
2023-02-25,23.058,23.327,21.4,22.359,23679643.0
2023-02-26,22.36,23.52,22.201,23.238,17225068.0
2023-02-27,23.238,23.4,22.309,22.665,21735815.0
2023-02-28,22.665,22.74,21.733,21.875,18086846.0
2023-03-01,21.877,22.904,21.639,22.499,18165243.0
2023-03-02,22.502,22.656,21.654,21.991,15947599.0
2023-03-03,21.991,22.003,20.291,21.404,23067626.0
2023-03-04,21.405,21.62,20.175,20.977,13027430.0
2023-03-05,20.976,21.727,20.821,20.96,15735280.0
2023-03-06,20.96,21.18,20.436,20.622,16633661.0
2023-03-07,20.621,20.958,19.682,20.233,24640344.0
2023-03-08,20.233,20.385,18.1,18.413,40679810.0
2023-03-09,18.412,18.773,16.628,17.318,48509426.0
2023-03-10,17.317,18.344,15.993,18.15,66399108.0
2023-03-11,18.151,18.859,16.927,18.061,45339193.0
2023-03-12,18.059,20.7,17.7,20.193,38551465.0
2023-03-13,20.193,21.418,18.872,20.399,49138900.0
2023-03-14,20.403,22.152,19.758,20.87,48954816.0
2023-03-15,20.869,21.473,18.633,19.24,45723600.0
2023-03-16,19.239,19.91,18.869,19.662,28052958.0
2023-03-17,19.662,21.696,19.405,21.598,33843261.0
2023-03-18,21.598,23.0,21.054,21.213,36076747.0
2023-03-19,21.212,22.439,21.209,21.864,25316113.0
2023-03-20,21.864,23.91,21.334,22.121,59603180.0
2023-03-21,22.121,23.333,21.516,22.526,38608173.0
2023-03-22,22.523,23.094,20.918,21.404,35497116.0
2023-03-23,21.403,22.75,21.08,22.157,24252890.0
2023-03-24,22.158,22.268,20.26,20.649,22809165.0
2023-03-25,20.649,20.966,20.074,20.394,12321219.0
2023-03-26,20.395,21.127,20.27,20.931,10967346.0
2023-03-27,20.929,20.978,19.297,19.887,18606757.0
2023-03-28,19.887,20.898,19.595,20.439,19176313.0
2023-03-29,20.44,21.55,20.412,21.086,17183738.0
2023-03-30,21.087,21.661,20.129,20.543,20884805.0
2023-03-31,20.542,21.486,20.01,21.161,15988378.0
2023-04-01,21.16,21.344,20.73,21.079,9427898.0
2023-04-02,21.079,21.306,20.201,20.509,10121176.0
2023-04-03,20.509,20.989,19.937,20.444,18021745.0
2023-04-04,20.445,21.269,20.273,20.905,12350855.0
2023-04-05,20.904,21.34,20.532,20.957,13247501.0
2023-04-06,20.957,20.987,20.345,20.608,9474912.0
2023-04-07,20.609,20.771,20.195,20.433,7491162.0
2023-04-08,20.434,20.726,19.821,20.025,6978247.0
2023-04-09,20.024,20.439,19.847,20.278,7294133.0
2023-04-10,20.277,20.95,20.063,20.893,9485159.0
2023-04-11,20.892,23.7,20.819,22.999,62547800.0
2023-04-12,22.999,24.492,22.311,23.798,92018384.0
2023-04-13,23.798,25.29,23.635,24.424,47668506.0
2023-04-14,24.423,25.5,23.725,24.721,43015095.0
2023-04-15,24.72,24.809,23.811,24.057,16322630.0
2023-04-16,24.057,25.538,23.824,25.352,21337344.0
2023-04-17,25.352,26.067,24.303,24.59,37707763.0
2023-04-18,24.59,25.46,24.0,24.829,23638577.0
2023-04-19,24.829,24.995,21.517,22.655,36346604.0
2023-04-20,22.654,23.18,21.6,22.184,31198819.0
2023-04-21,22.185,22.4,20.809,21.247,24671466.0
2023-04-22,21.246,21.99,21.033,21.782,11255626.0
2023-04-23,21.783,22.245,20.9,21.461,18321683.0
2023-04-24,21.461,22.0,20.974,21.373,20160519.0
2023-04-25,21.377,21.959,20.714,21.924,21620145.0
2023-04-26,21.923,22.977,20.291,21.256,34306233.0
2023-04-27,21.256,22.541,21.155,22.326,26364203.0
2023-04-28,22.325,23.498,22.135,23.331,30014479.0
2023-04-29,23.33,23.901,22.83,23.175,20170814.0
2023-04-30,23.175,24.0,22.65,22.729,22259641.0
2023-05-01,22.728,22.88,21.506,21.939,24319403.0
2023-05-02,21.939,22.37,21.726,22.244,15028223.0
2023-05-03,22.243,22.297,21.22,22.227,26639545.0
2023-05-04,22.227,22.473,21.61,21.726,19665254.0
2023-05-05,21.726,23.073,21.5,22.813,26338827.0
2023-05-06,22.813,23.233,21.51,21.908,22947313.0
2023-05-07,21.909,22.778,21.643,21.659,18994993.0
2023-05-08,21.659,21.816,19.838,20.615,32169380.0
2023-05-09,20.616,20.981,20.399,20.648,17171093.0
2023-05-10,20.649,21.294,19.626,20.909,26766904.0
2023-05-11,20.909,20.922,19.65,20.163,23317958.0
2023-05-12,20.164,20.938,19.79,20.898,22564392.0
2023-05-13,20.898,21.29,20.759,20.832,13604369.0
2023-05-14,20.832,21.29,20.611,20.917,11719142.0
2023-05-15,20.915,21.518,20.589,20.971,18178687.0
2023-05-16,20.971,21.121,20.427,20.669,15031826.0
2023-05-17,20.669,21.2,20.412,21.047,19023396.0
2023-05-18,21.048,21.085,20.053,20.329,16605296.0
2023-05-19,20.329,20.586,20.202,20.343,9320281.0
2023-05-20,20.343,20.358,20.058,20.264,6611123.0
2023-05-21,20.265,20.389,19.3,19.605,12597240.0
2023-05-22,19.604,20.026,19.266,19.514,15206818.0
2023-05-23,19.514,20.17,19.402,20.024,17462447.0
2023-05-24,20.024,20.068,18.53,19.201,25178102.0
2023-05-25,19.202,19.615,18.755,19.243,14063561.0
2023-05-26,19.244,19.552,19.075,19.349,10719673.0
2023-05-27,19.35,20.535,19.324,20.415,13466105.0
2023-05-28,20.415,21.187,20.279,20.797,19929404.0
2023-05-29,20.798,20.971,20.265,20.575,14337590.0
2023-05-30,20.575,21.39,20.455,21.244,21912962.0
2023-05-31,21.245,21.329,20.32,20.809,14853305.0
2023-06-01,20.81,20.971,20.392,20.486,12617749.0
2023-06-02,20.486,21.378,20.289,21.247,14015369.0
2023-06-03,21.246,21.34,20.95,21.183,7281983.0
2023-06-04,21.184,22.297,21.026,21.814,17395573.0
2023-06-05,21.814,22.047,19.114,19.997,31641718.0
2023-06-06,19.997,20.698,19.229,20.379,24451434.0
2023-06-07,20.38,20.523,18.499,18.627,25918025.0
2023-06-08,18.627,19.112,18.212,18.873,19402118.0
2023-06-09,18.873,19.378,17.095,17.384,40567556.0
2023-06-10,17.385,17.418,12.6,15.605,138711365.0
2023-06-11,15.606,16.18,15.101,15.534,47606751.0
2023-06-12,15.535,15.703,14.708,15.183,46695534.0
2023-06-13,15.183,16.0,14.751,15.025,45186127.0
2023-06-14,15.026,15.372,13.97,14.476,38991478.0
2023-06-15,14.476,15.089,14.161,14.766,43310113.0
2023-06-16,14.767,15.475,14.315,15.306,31087776.0
2023-06-17,15.307,16.211,15.154,15.633,23696764.0
2023-06-18,15.633,15.842,15.25,15.43,17055510.0
2023-06-19,15.429,16.154,15.32,16.1,22693231.0
2023-06-20,16.1,16.682,15.715,16.632,30317499.0
2023-06-21,16.632,17.395,16.511,17.22,35280796.0
2023-06-22,17.221,17.737,16.538,16.62,27449030.0
2023-06-23,16.619,17.526,16.129,17.129,33350114.0
2023-06-24,17.129,17.535,16.32,16.634,23297568.0
2023-06-25,16.633,17.376,16.555,16.947,22922844.0
2023-06-26,16.949,17.115,15.888,16.264,26130622.0
2023-06-27,16.265,16.938,16.121,16.621,22566923.0
2023-06-28,16.624,16.649,15.744,16.176,15302044.0
